0 1 1
1 2 10
1 1132 1
1 1135 10
1 1136 10
1 1137 1
1 1139 1
1 1141 1
1 1143 1
1 1145 1
1 1147 1
1 1149 10
1 1150 1
1 1152 1
1 1154 1
1 1156 1
1 1158 10
1 1159 10
1 1160 1
1 1162 10
1 1163 10
1 1164 10
1 1165 10
1 1166 10
1 1167 10
2 3 10
3 4 10
3 1096 10
3 1097 10
3 1098 1
3 1101 1
3 1103 10
3 1104 10
3 1105 1
3 1107 1
3 1109 1
3 1111 1
3 1113 1
3 1115 1
3 1117 1
3 1119 1
3 1121 10
3 1122 1
3 1124 10
3 1125 10
3 1126 10
3 1127 10
3 1128 10
3 1129 1
3 1131 10
4 5 10
5 6 1
5 94 10
5 1063 10
5 1064 10
5 1065 10
5 1066 10
5 1067 10
5 1068 1
5 1070 10
5 1071 10
5 1072 1
5 1074 1
5 1076 1
5 1078 1
5 1080 10
5 1081 1
5 1083 1
5 1085 1
5 1087 1
5 1089 1
5 1091 10
5 1092 1
5 1094 10
5 1095 10
6 7 1
6 92 1
7 8 1
7 90 1
8 9 1
8 88 1
9 10 1
9 86 1
10 11 1
10 84 1
11 12 1
11 82 1
12 13 1
12 60 1
13 14 1
13 59 1
14 15 1
14 58 1
15 16 1
15 57 1
16 17 1
16 56 1
17 18 1
17 55 1
18 19 1
18 54 1
19 20 1
19 53 1
20 21 1
20 52 1
21 22 1
21 51 1
22 23 1
22 50 1
23 24 1
23 49 1
24 25 1
24 48 1
25 26 1
25 47 1
26 27 1
26 46 1
27 28 1
27 45 1
28 29 1
28 44 1
29 30 1
29 43 1
30 31 1
30 42 1
31 32 1
31 41 1
32 33 1
32 40 1
33 34 1
33 39 1
34 35 1
34 38 1
35 36 1
35 37 1
60 61 1
60 14 1
61 15 1
61 62 1
62 63 1
62 16 1
63 17 1
63 64 1
64 65 1
64 18 1
65 19 1
65 66 1
66 67 1
66 20 1
67 21 1
67 68 1
68 69 1
68 22 1
69 23 1
69 70 1
70 71 1
70 24 1
71 25 1
71 72 1
72 73 1
72 26 1
73 27 1
73 74 1
74 75 1
74 28 1
75 29 1
75 76 1
76 77 1
76 30 1
77 31 1
77 78 1
78 32 1
78 79 1
79 80 1
79 33 1
80 34 1
80 81 1
81 35 1
82 13 1
82 83 1
84 85 1
84 82 1
86 87 1
86 84 1
88 89 1
88 86 1
90 91 1
90 88 1
92 93 1
92 90 1
94 95 10
95 96 10
95 1030 10
95 1031 10
95 1032 10
95 1033 10
95 1034 10
95 1035 10
95 1036 10
95 1037 10
95 1038 10
95 1039 1
95 1041 1
95 7 1
95 1043 1
95 1045 1
95 1047 1
95 1049 1
95 1051 1
95 1053 1
95 1055 10
95 1056 1
95 1058 10
95 1059 1
95 1061 1
96 97 10
97 98 10
97 997 1
97 999 10
97 1000 10
97 1001 10
97 1002 10
97 1003 10
97 1004 10
97 1005 10
97 1006 10
97 1007 10
97 1008 1
97 1010 10
97 1011 1
97 1013 10
97 1014 1
97 1016 1
97 1018 1
97 1020 1
97 1022 1
97 8 1
97 1024 1
97 1026 1
97 1028 1
98 99 10
99 100 1
99 152 10
99 966 1
99 968 10
99 9 1
99 969 10
99 970 10
99 971 10
99 972 10
99 973 1
99 975 10
99 976 10
99 977 10
99 978 10
99 979 10
99 980 1
99 982 1
99 984 1
99 986 1
99 988 1
99 990 1
99 992 10
99 993 1
99 995 1
100 101 1
100 151 1
101 102 1
101 150 1
102 103 1
102 149 1
103 104 1
103 127 1
104 59 1
104 105 1
105 106 1
105 58 1
106 107 1
106 57 1
107 108 1
107 56 1
108 109 1
108 55 1
109 110 1
109 54 1
110 111 1
110 53 1
111 112 1
111 52 1
112 113 1
112 51 1
113 114 1
113 50 1
114 115 1
114 49 1
115 116 1
115 48 1
116 117 1
116 47 1
117 118 1
117 46 1
118 119 1
118 45 1
119 120 1
119 44 1
120 121 1
120 43 1
121 42 1
121 122 1
122 41 1
122 123 1
123 40 1
123 124 1
124 39 1
124 125 1
125 38 1
125 126 1
126 36 1
126 37 1
127 128 1
127 105 1
128 129 1
128 106 1
129 130 1
129 107 1
130 131 1
130 108 1
131 132 1
131 109 1
132 133 1
132 110 1
133 134 1
133 111 1
134 135 1
134 112 1
135 136 1
135 113 1
136 137 1
136 114 1
137 138 1
137 115 1
138 139 1
138 116 1
139 140 1
139 117 1
140 141 1
140 118 1
141 142 1
141 119 1
142 143 1
142 120 1
143 144 1
143 121 1
144 145 1
144 122 1
145 146 1
145 123 1
146 147 1
146 124 1
147 148 1
147 125 1
148 126 1
149 104 1
149 83 1
150 149 1
150 85 1
151 150 1
151 87 1
152 153 10
153 101 1
153 154 1
153 204 10
153 937 10
153 938 1
153 940 10
153 941 10
153 942 10
153 943 10
153 944 10
153 945 10
153 946 10
153 947 1
153 949 10
153 950 10
153 951 1
153 10 1
153 953 1
153 955 1
153 957 10
153 958 1
153 960 1
153 962 1
153 964 1
154 155 1
154 203 1
155 156 1
155 202 1
156 157 1
156 201 1
157 158 1
157 200 1
158 159 1
158 199 1
159 160 1
159 180 1
160 161 1
160 56 1
161 162 1
161 55 1
162 163 1
162 54 1
163 164 1
163 53 1
164 165 1
164 52 1
165 166 1
165 51 1
166 167 1
166 50 1
167 168 1
167 49 1
168 169 1
168 48 1
169 170 1
169 47 1
170 171 1
170 46 1
171 172 1
171 45 1
172 173 1
172 44 1
173 174 1
173 43 1
174 175 1
174 42 1
175 176 1
175 41 1
176 177 1
176 40 1
177 178 1
177 39 1
178 179 1
178 38 1
179 36 1
179 37 1
180 181 1
180 161 1
181 162 1
181 182 1
182 183 1
182 163 1
183 164 1
183 184 1
184 185 1
184 165 1
185 166 1
185 186 1
186 187 1
186 167 1
187 168 1
187 188 1
188 189 1
188 169 1
189 170 1
189 190 1
190 191 1
190 171 1
191 172 1
191 192 1
192 193 1
192 173 1
193 174 1
193 194 1
194 195 1
194 175 1
195 176 1
195 196 1
196 197 1
196 177 1
197 178 1
197 198 1
198 179 1
199 160 1
199 57 1
200 199 1
200 58 1
201 59 1
201 200 1
202 83 1
202 201 1
203 85 1
203 202 1
204 205 10
205 206 1
205 254 1
205 102 1
205 302 10
205 912 10
205 913 10
205 11 1
205 914 10
205 915 10
205 916 10
205 917 10
205 918 10
205 155 1
205 919 10
205 920 10
205 921 1
205 923 10
205 924 1
205 926 1
205 928 1
205 930 1
205 932 1
205 934 10
205 935 1
206 207 1
206 253 1
207 208 1
207 252 1
208 209 1
208 251 1
209 210 1
209 250 1
210 211 1
210 249 1
211 212 1
211 248 1
212 213 1
212 247 1
213 214 1
213 246 1
214 215 1
214 245 1
215 216 1
215 244 1
216 217 1
216 243 1
217 218 1
217 242 1
218 219 1
218 241 1
219 220 1
219 240 1
220 221 1
220 239 1
221 222 1
221 238 1
222 223 1
222 237 1
223 224 1
223 236 1
224 225 1
224 235 1
225 226 1
225 234 1
226 227 1
226 233 1
227 228 1
227 232 1
228 229 1
228 231 1
229 230 1
230 36 1
230 37 1
231 38 1
231 230 1
232 39 1
232 231 1
233 40 1
233 232 1
234 41 1
234 233 1
235 42 1
235 234 1
236 235 1
236 43 1
237 236 1
237 44 1
238 237 1
238 45 1
239 238 1
239 46 1
240 239 1
240 47 1
241 240 1
241 48 1
242 241 1
242 49 1
243 242 1
243 50 1
244 243 1
244 51 1
245 244 1
245 52 1
246 245 1
246 53 1
247 246 1
247 54 1
248 247 1
248 55 1
249 248 1
249 56 1
250 249 1
250 57 1
251 250 1
251 58 1
252 59 1
252 251 1
253 83 1
253 252 1
254 255 1
254 301 1
255 256 1
255 300 1
256 257 1
256 299 1
257 258 1
257 298 1
258 259 1
258 297 1
259 260 1
259 296 1
260 261 1
260 295 1
261 262 1
261 294 1
262 263 1
262 293 1
263 264 1
263 292 1
264 265 1
264 291 1
265 266 1
265 290 1
266 267 1
266 289 1
267 268 1
267 288 1
268 269 1
268 287 1
269 270 1
269 286 1
270 271 1
270 285 1
271 272 1
271 284 1
272 273 1
272 283 1
273 274 1
273 282 1
274 275 1
274 281 1
275 276 1
275 280 1
276 277 1
276 279 1
277 278 1
278 36 1
278 37 1
279 38 1
279 278 1
280 39 1
280 279 1
281 40 1
281 280 1
282 41 1
282 281 1
283 42 1
283 282 1
284 283 1
284 43 1
285 284 1
285 44 1
286 285 1
286 45 1
287 286 1
287 46 1
288 287 1
288 47 1
289 288 1
289 48 1
290 289 1
290 49 1
291 290 1
291 50 1
292 291 1
292 51 1
293 292 1
293 52 1
294 293 1
294 53 1
295 294 1
295 54 1
296 295 1
296 55 1
297 296 1
297 56 1
298 297 1
298 57 1
299 298 1
299 58 1
300 59 1
300 299 1
301 83 1
301 300 1
302 303 10
303 304 1
303 255 1
303 103 1
303 350 10
303 889 10
303 890 10
303 891 10
303 12 1
303 892 10
303 893 10
303 894 10
303 895 10
303 896 10
303 897 10
303 207 1
303 898 10
303 899 10
303 900 1
303 902 1
303 904 1
303 906 1
303 156 1
303 908 1
303 910 1
304 305 1
304 349 1
305 306 1
305 348 1
306 307 1
306 347 1
307 308 1
307 346 1
308 309 1
308 345 1
309 310 1
309 344 1
310 311 1
310 343 1
311 312 1
311 342 1
312 313 1
312 341 1
313 314 1
313 340 1
314 315 1
314 339 1
315 316 1
315 338 1
316 317 1
316 337 1
317 318 1
317 336 1
318 319 1
318 335 1
319 320 1
319 334 1
320 321 1
320 333 1
321 322 1
321 332 1
322 323 1
322 331 1
323 324 1
323 330 1
324 325 1
324 329 1
325 326 1
325 328 1
326 327 1
327 36 1
327 37 1
328 38 1
328 327 1
329 39 1
329 328 1
330 40 1
330 329 1
331 41 1
331 330 1
332 42 1
332 331 1
333 332 1
333 43 1
334 333 1
334 44 1
335 334 1
335 45 1
336 335 1
336 46 1
337 336 1
337 47 1
338 337 1
338 48 1
339 338 1
339 49 1
340 339 1
340 50 1
341 340 1
341 51 1
342 341 1
342 52 1
343 342 1
343 53 1
344 343 1
344 54 1
345 344 1
345 55 1
346 345 1
346 56 1
347 346 1
347 57 1
348 347 1
348 58 1
349 59 1
349 348 1
350 351 10
351 157 1
351 305 1
351 352 1
351 256 1
351 396 10
351 127 1
351 868 10
351 869 10
351 60 1
351 870 10
351 871 10
351 872 10
351 873 10
351 874 10
351 875 10
351 876 10
351 208 1
351 877 10
351 878 10
351 879 1
351 881 1
351 883 1
351 885 1
351 887 1
352 353 1
352 395 1
353 354 1
353 375 1
354 355 1
354 57 1
355 356 1
355 56 1
356 357 1
356 55 1
357 358 1
357 54 1
358 359 1
358 53 1
359 360 1
359 52 1
360 361 1
360 51 1
361 362 1
361 50 1
362 363 1
362 49 1
363 364 1
363 48 1
364 365 1
364 47 1
365 366 1
365 46 1
366 367 1
366 45 1
367 368 1
367 44 1
368 369 1
368 43 1
369 370 1
369 42 1
370 371 1
370 41 1
371 372 1
371 40 1
372 373 1
372 39 1
373 374 1
373 38 1
374 36 1
374 37 1
375 376 1
375 355 1
376 356 1
376 377 1
377 378 1
377 357 1
378 358 1
378 379 1
379 380 1
379 359 1
380 360 1
380 381 1
381 382 1
381 361 1
382 362 1
382 383 1
383 384 1
383 363 1
384 364 1
384 385 1
385 386 1
385 365 1
386 366 1
386 387 1
387 388 1
387 367 1
388 368 1
388 389 1
389 390 1
389 369 1
390 370 1
390 391 1
391 392 1
391 371 1
392 372 1
392 393 1
393 394 1
393 373 1
394 374 1
395 354 1
395 58 1
396 397 10
397 306 1
397 257 1
397 158 1
397 128 1
397 398 10
397 353 1
397 847 10
397 61 1
397 848 10
397 849 10
397 850 10
397 851 10
397 852 10
397 853 10
397 854 10
397 855 10
397 856 10
397 857 1
397 859 10
397 860 1
397 209 1
397 862 1
397 864 1
397 866 1
398 399 10
399 400 1
399 307 1
399 258 1
399 129 1
399 375 1
399 159 1
399 62 1
399 440 10
399 828 10
399 829 1
399 831 10
399 832 10
399 833 10
399 210 1
399 834 10
399 835 10
399 836 10
399 837 10
399 838 10
399 839 1
399 841 10
399 842 1
399 844 1
399 846 10
400 401 1
400 439 1
401 402 1
401 421 1
402 403 1
402 55 1
403 404 1
403 54 1
404 405 1
404 53 1
405 406 1
405 52 1
406 407 1
406 51 1
407 408 1
407 50 1
408 409 1
408 49 1
409 410 1
409 48 1
410 411 1
410 47 1
411 412 1
411 46 1
412 413 1
412 45 1
413 414 1
413 44 1
414 415 1
414 43 1
415 416 1
415 42 1
416 417 1
416 41 1
417 418 1
417 40 1
418 419 1
418 39 1
419 420 1
419 38 1
420 36 1
420 37 1
421 422 1
421 403 1
422 404 1
422 423 1
423 424 1
423 405 1
424 406 1
424 425 1
425 426 1
425 407 1
426 408 1
426 427 1
427 428 1
427 409 1
428 410 1
428 429 1
429 430 1
429 411 1
430 412 1
430 431 1
431 432 1
431 413 1
432 414 1
432 433 1
433 434 1
433 415 1
434 416 1
434 435 1
435 436 1
435 417 1
436 418 1
436 437 1
437 438 1
437 419 1
438 420 1
439 402 1
439 56 1
440 441 10
441 401 1
441 442 1
441 308 1
441 480 10
441 259 1
441 811 1
441 130 1
441 376 1
441 63 1
441 813 10
441 814 10
441 815 10
441 180 1
441 816 10
441 817 10
441 211 1
441 818 10
441 819 1
441 821 10
441 822 10
441 823 10
441 824 10
441 825 10
441 826 1
442 443 1
442 479 1
443 444 1
443 478 1
444 445 1
444 477 1
445 446 1
445 476 1
446 447 1
446 475 1
447 448 1
447 474 1
448 449 1
448 473 1
449 450 1
449 472 1
450 451 1
450 471 1
451 452 1
451 470 1
452 453 1
452 469 1
453 454 1
453 468 1
454 455 1
454 467 1
455 456 1
455 466 1
456 457 1
456 465 1
457 458 1
457 464 1
458 459 1
458 463 1
459 460 1
459 462 1
460 461 1
461 36 1
461 37 1
462 38 1
462 461 1
463 39 1
463 462 1
464 40 1
464 463 1
465 41 1
465 464 1
466 42 1
466 465 1
467 466 1
467 43 1
468 467 1
468 44 1
469 468 1
469 45 1
470 469 1
470 46 1
471 470 1
471 47 1
472 471 1
472 48 1
473 472 1
473 49 1
474 473 1
474 50 1
475 474 1
475 51 1
476 475 1
476 52 1
477 476 1
477 53 1
478 477 1
478 54 1
479 478 1
479 55 1
480 481 10
481 482 1
481 421 1
481 309 1
481 260 1
481 443 1
481 131 1
481 518 10
481 377 1
481 796 10
481 64 1
481 797 10
481 798 10
481 799 10
481 800 10
481 212 1
481 801 10
481 802 10
481 181 1
481 803 10
481 804 10
481 805 10
481 806 1
481 808 1
481 810 10
482 483 1
482 501 1
483 484 1
483 54 1
484 485 1
484 53 1
485 486 1
485 52 1
486 487 1
486 51 1
487 488 1
487 50 1
488 489 1
488 49 1
489 490 1
489 48 1
490 491 1
490 47 1
491 492 1
491 46 1
492 493 1
492 45 1
493 494 1
493 44 1
494 495 1
494 43 1
495 496 1
495 42 1
496 497 1
496 41 1
497 498 1
497 40 1
498 499 1
498 39 1
499 500 1
499 38 1
500 36 1
500 37 1
501 502 1
501 484 1
502 485 1
502 503 1
503 504 1
503 486 1
504 487 1
504 505 1
505 506 1
505 488 1
506 489 1
506 507 1
507 508 1
507 490 1
508 491 1
508 509 1
509 510 1
509 492 1
510 493 1
510 511 1
511 512 1
511 494 1
512 495 1
512 513 1
513 514 1
513 496 1
514 497 1
514 515 1
515 516 1
515 498 1
516 499 1
516 517 1
517 500 1
518 519 10
519 520 10
519 501 1
519 781 10
519 422 1
519 310 1
519 261 1
519 132 1
519 444 1
519 378 1
519 213 1
519 65 1
519 782 10
519 783 10
519 784 10
519 785 10
519 786 10
519 787 10
519 788 10
519 789 1
519 791 10
519 792 10
519 793 1
519 795 10
519 182 1
520 521 10
521 522 10
521 766 10
521 767 1
521 423 1
521 311 1
521 768 1
521 262 1
521 133 1
521 502 1
521 379 1
521 66 1
521 445 1
521 183 1
521 770 10
521 771 10
521 772 10
521 214 1
521 773 10
521 774 10
521 775 10
521 776 10
521 777 10
521 778 10
521 779 1
522 523 1
523 524 1
523 751 1
523 752 1
523 503 1
523 753 1
523 424 1
523 754 1
523 312 1
523 263 1
523 134 1
523 756 1
523 380 1
523 757 1
523 67 1
523 184 1
523 758 1
523 215 1
523 759 1
523 446 1
523 760 1
523 761 1
523 763 1
523 764 1
523 765 1
524 525 10
525 526 10
525 736 10
525 737 10
525 738 10
525 216 1
525 504 1
525 739 10
525 740 10
525 425 1
525 447 1
525 313 1
525 264 1
525 741 1
525 135 1
525 381 1
525 68 1
525 743 10
525 185 1
525 744 10
525 745 10
525 746 10
525 747 10
525 748 1
525 750 10
526 527 10
527 528 10
527 721 10
527 722 10
527 723 1
527 725 10
527 726 10
527 727 10
527 728 10
527 729 10
527 314 1
527 448 1
527 265 1
527 136 1
527 426 1
527 730 10
527 382 1
527 69 1
527 186 1
527 731 10
527 217 1
527 732 10
527 733 10
527 734 1
527 505 1
528 529 10
529 530 1
529 554 10
529 708 10
529 709 10
529 710 10
529 711 1
529 713 10
529 714 10
529 506 1
529 715 10
529 716 10
529 427 1
529 717 10
529 315 1
529 266 1
529 137 1
529 449 1
529 383 1
529 70 1
529 718 10
529 719 10
529 187 1
529 218 1
529 720 10
530 531 1
530 553 1
531 532 1
531 552 1
532 533 1
532 551 1
533 534 1
533 550 1
534 535 1
534 549 1
535 536 1
535 548 1
536 537 1
536 547 1
537 538 1
537 546 1
538 539 1
538 545 1
539 540 1
539 544 1
540 541 1
540 543 1
541 542 1
542 36 1
542 37 1
543 38 1
543 542 1
544 39 1
544 543 1
545 40 1
545 544 1
546 41 1
546 545 1
547 42 1
547 546 1
548 547 1
548 43 1
549 548 1
549 44 1
550 549 1
550 45 1
551 550 1
551 46 1
552 551 1
552 47 1
553 552 1
553 48 1
554 555 10
555 531 1
555 556 10
555 695 10
555 696 10
555 697 10
555 698 10
555 507 1
555 699 10
555 700 10
555 701 10
555 702 10
555 703 10
555 704 10
555 705 10
555 316 1
555 267 1
555 138 1
555 384 1
555 71 1
555 450 1
555 188 1
555 428 1
555 219 1
555 706 1
556 557 10
557 532 1
557 558 10
557 429 1
557 682 10
557 683 10
557 684 10
557 685 1
557 687 10
557 688 10
557 689 10
557 690 10
557 691 10
557 692 10
557 693 10
557 694 10
557 268 1
557 508 1
557 139 1
557 317 1
557 385 1
557 72 1
557 189 1
557 220 1
557 451 1
558 559 10
559 221 1
559 533 1
559 560 10
559 452 1
559 669 10
559 670 1
559 672 10
559 673 10
559 674 10
559 675 10
559 676 10
559 677 10
559 430 1
559 678 10
559 679 10
559 318 1
559 680 10
559 269 1
559 140 1
559 509 1
559 386 1
559 73 1
559 681 10
559 190 1
560 561 10
561 319 1
561 222 1
561 534 1
561 562 10
561 656 10
561 657 10
561 510 1
561 658 10
561 453 1
561 659 10
561 431 1
561 660 10
561 661 10
561 662 10
561 663 10
561 664 10
561 665 1
561 667 10
561 270 1
561 141 1
561 387 1
561 74 1
561 668 10
561 191 1
562 563 10
563 223 1
563 564 10
563 535 1
563 643 10
563 454 1
563 644 1
563 646 10
563 511 1
563 647 10
563 648 10
563 432 1
563 649 10
563 650 10
563 320 1
563 651 10
563 652 10
563 271 1
563 653 10
563 142 1
563 654 10
563 655 10
563 388 1
563 75 1
563 192 1
564 565 10
565 193 1
565 224 1
565 536 1
565 455 1
565 566 10
565 630 1
565 632 10
565 512 1
565 633 10
565 321 1
565 634 10
565 433 1
565 635 10
565 636 10
565 637 10
565 638 10
565 639 10
565 640 10
565 641 10
565 143 1
565 389 1
565 642 10
565 76 1
565 272 1
566 567 10
567 194 1
567 434 1
567 225 1
567 568 10
567 537 1
567 456 1
567 617 1
567 513 1
567 619 10
567 620 10
567 621 10
567 622 10
567 623 10
567 144 1
567 624 10
567 625 10
567 322 1
567 626 10
567 627 10
567 273 1
567 628 10
567 629 10
567 390 1
567 77 1
568 569 10
569 195 1
569 226 1
569 570 10
569 538 1
569 457 1
569 604 10
569 605 1
569 514 1
569 607 10
569 608 10
569 435 1
569 609 10
569 610 10
569 323 1
569 611 10
569 612 10
569 274 1
569 145 1
569 613 10
569 614 10
569 615 10
569 616 10
569 391 1
569 78 1
570 571 10
571 79 1
571 196 1
571 227 1
571 539 1
571 458 1
571 572 1
571 578 10
571 515 1
571 593 10
571 275 1
571 436 1
571 594 10
571 595 10
571 324 1
571 596 10
571 597 10
571 598 10
571 599 10
571 146 1
571 600 10
571 601 10
571 602 10
571 392 1
571 603 10
572 573 1
572 577 1
573 574 1
573 576 1
574 575 1
574 38 1
575 36 1
575 37 1
576 575 1
577 574 1
577 39 1
578 579 10
579 80 1
579 147 1
579 197 1
579 325 1
579 228 1
579 540 1
579 459 1
579 573 1
579 516 1
579 580 10
579 437 1
579 582 10
579 583 10
579 584 10
579 585 10
579 276 1
579 586 10
579 587 10
579 588 10
579 589 10
579 590 10
579 591 10
579 592 10
579 393 1
580 581 10
581 394 1
581 517 1
581 148 1
581 277 1
581 81 1
581 541 1
581 326 1
581 438 1
581 198 1
581 460 1
581 576 1
581 229 1
582 581 10
583 581 10
584 581 10
585 581 10
586 581 10
587 581 10
588 581 10
589 581 10
590 581 10
591 581 10
592 581 10
593 579 10
594 579 10
595 579 10
596 579 10
597 579 10
598 579 10
599 579 10
600 579 10
601 579 10
602 579 10
603 579 10
604 571 10
605 606 1
605 572 1
606 577 1
606 40 1
607 571 10
608 571 10
609 571 10
610 571 10
611 571 10
612 571 10
613 571 10
614 571 10
615 571 10
616 571 10
617 605 1
617 618 1
618 606 1
618 41 1
619 569 10
620 569 10
621 569 10
622 569 10
623 569 10
624 569 10
625 569 10
626 569 10
627 569 10
628 569 10
629 569 10
630 631 1
630 617 1
631 618 1
631 42 1
632 567 10
633 567 10
634 567 10
635 567 10
636 567 10
637 567 10
638 567 10
639 567 10
640 567 10
641 567 10
642 567 10
643 565 10
644 630 1
644 645 1
645 631 1
645 43 1
646 565 10
647 565 10
648 565 10
649 565 10
650 565 10
651 565 10
652 565 10
653 565 10
654 565 10
655 565 10
656 563 10
657 563 10
658 563 10
659 563 10
660 563 10
661 563 10
662 563 10
663 563 10
664 563 10
665 666 1
665 644 1
666 645 1
666 44 1
667 563 10
668 563 10
669 561 10
670 665 1
670 671 1
671 666 1
671 45 1
672 561 10
673 561 10
674 561 10
675 561 10
676 561 10
677 561 10
678 561 10
679 561 10
680 561 10
681 561 10
682 559 10
683 559 10
684 559 10
685 686 1
685 670 1
686 671 1
686 46 1
687 559 10
688 559 10
689 559 10
690 559 10
691 559 10
692 559 10
693 559 10
694 559 10
695 557 10
696 557 10
697 557 10
698 557 10
699 557 10
700 557 10
701 557 10
702 557 10
703 557 10
704 557 10
705 557 10
706 685 1
706 707 1
707 686 1
707 47 1
708 555 10
709 555 10
710 555 10
711 712 1
711 706 1
712 707 1
712 48 1
713 555 10
714 555 10
715 555 10
716 555 10
717 555 10
718 555 10
719 555 10
720 555 10
721 529 10
722 529 10
723 711 1
723 724 1
724 712 1
724 49 1
725 529 10
726 529 10
727 529 10
728 529 10
729 529 10
730 529 10
731 529 10
732 529 10
733 529 10
734 530 1
734 735 1
735 553 1
735 49 1
736 527 10
737 527 10
738 527 10
739 527 10
740 527 10
741 742 1
741 723 1
742 724 1
742 50 1
743 527 10
744 527 10
745 527 10
746 527 10
747 527 10
748 734 1
748 749 1
749 735 1
749 50 1
750 527 10
751 525 10
752 525 10
753 525 10
754 741 1
754 755 1
755 742 1
755 51 1
756 525 10
757 525 10
758 525 10
759 525 10
760 525 10
761 748 1
761 762 1
762 749 1
762 51 1
763 525 10
764 525 10
765 525 10
766 523 1
767 523 10
768 761 1
768 769 1
769 762 1
769 52 1
770 523 1
771 523 1
772 523 1
773 523 1
774 523 1
775 523 1
776 523 1
777 523 1
778 523 1
779 780 1
779 754 1
780 755 1
780 52 1
781 521 10
782 521 10
783 521 10
784 521 10
785 521 10
786 521 10
787 521 10
788 521 10
789 768 1
789 790 1
790 769 1
790 53 1
791 521 10
792 521 10
793 794 1
793 779 1
794 780 1
794 53 1
795 521 10
796 519 10
797 519 10
798 519 10
799 519 10
800 519 10
801 519 10
802 519 10
803 519 10
804 519 10
805 519 10
806 793 1
806 807 1
807 794 1
807 54 1
808 789 1
808 809 1
809 790 1
809 54 1
810 519 10
811 812 1
811 806 1
812 807 1
812 55 1
813 481 10
814 481 10
815 481 10
816 481 10
817 481 10
818 481 10
819 808 1
819 820 1
820 809 1
820 55 1
821 481 10
822 481 10
823 481 10
824 481 10
825 481 10
826 482 1
826 827 1
827 483 1
827 55 1
828 441 10
829 819 1
829 830 1
830 820 1
830 56 1
831 441 10
832 441 10
833 441 10
834 441 10
835 441 10
836 441 10
837 441 10
838 441 10
839 811 1
839 840 1
840 812 1
840 56 1
841 441 10
842 442 1
842 843 1
843 479 1
843 56 1
844 845 1
844 826 1
845 827 1
845 56 1
846 441 10
847 399 10
848 399 10
849 399 10
850 399 10
851 399 10
852 399 10
853 399 10
854 399 10
855 399 10
856 399 10
857 829 1
857 858 1
858 830 1
858 57 1
859 399 10
860 842 1
860 861 1
861 843 1
861 57 1
862 863 1
862 839 1
863 840 1
863 57 1
864 844 1
864 865 1
865 845 1
865 57 1
866 867 1
866 400 1
867 439 1
867 57 1
868 397 10
869 397 10
870 397 10
871 397 10
872 397 10
873 397 10
874 397 10
875 397 10
876 397 10
877 397 10
878 397 10
879 857 1
879 880 1
880 858 1
880 58 1
881 882 1
881 860 1
882 861 1
882 58 1
883 862 1
883 884 1
884 863 1
884 58 1
885 886 1
885 864 1
886 865 1
886 58 1
887 888 1
887 866 1
888 867 1
888 58 1
889 351 10
890 351 10
891 351 10
892 351 10
893 351 10
894 351 10
895 351 10
896 351 10
897 351 10
898 351 10
899 351 10
900 879 1
900 901 1
901 59 1
901 880 1
902 881 1
902 903 1
903 882 1
903 59 1
904 905 1
904 883 1
905 884 1
905 59 1
906 885 1
906 907 1
907 886 1
907 59 1
908 887 1
908 909 1
909 888 1
909 59 1
910 911 1
910 352 1
911 395 1
911 59 1
912 303 10
913 303 10
914 303 10
915 303 10
916 303 10
917 303 10
918 303 10
919 303 10
920 303 10
921 910 1
921 922 1
922 911 1
922 83 1
923 303 10
924 925 1
924 900 1
925 83 1
925 901 1
926 927 1
926 902 1
927 903 1
927 83 1
928 904 1
928 929 1
929 905 1
929 83 1
930 931 1
930 906 1
931 907 1
931 83 1
932 908 1
932 933 1
933 83 1
933 909 1
934 303 10
935 304 1
935 936 1
936 83 1
936 349 1
937 205 10
938 921 1
938 939 1
939 922 1
939 85 1
940 205 10
941 205 10
942 205 10
943 205 10
944 205 10
945 205 10
946 205 10
947 206 1
947 948 1
948 85 1
948 253 1
949 205 10
950 205 10
951 952 1
951 924 1
952 925 1
952 85 1
953 954 1
953 926 1
954 927 1
954 85 1
955 928 1
955 956 1
956 929 1
956 85 1
957 205 10
958 930 1
958 959 1
959 931 1
959 85 1
960 932 1
960 961 1
961 85 1
961 933 1
962 935 1
962 963 1
963 85 1
963 936 1
964 254 1
964 965 1
965 85 1
965 301 1
966 938 1
966 967 1
967 939 1
967 87 1
968 153 10
969 153 10
970 153 10
971 153 10
972 153 10
973 947 1
973 974 1
974 87 1
974 948 1
975 153 10
976 153 10
977 153 10
978 153 10
979 153 10
980 981 1
980 951 1
981 952 1
981 87 1
982 983 1
982 953 1
983 954 1
983 87 1
984 955 1
984 985 1
985 956 1
985 87 1
986 958 1
986 987 1
987 87 1
987 959 1
988 960 1
988 989 1
989 87 1
989 961 1
990 154 1
990 991 1
991 87 1
991 203 1
992 153 10
993 962 1
993 994 1
994 87 1
994 963 1
995 996 1
995 964 1
996 965 1
996 87 1
997 966 1
997 998 1
998 89 1
998 967 1
999 99 10
1000 99 10
1001 99 10
1002 99 10
1003 99 10
1004 99 10
1005 99 10
1006 99 10
1007 99 10
1008 990 1
1008 1009 1
1009 89 1
1009 991 1
1010 99 10
1011 1012 1
1011 980 1
1012 981 1
1012 89 1
1013 99 10
1014 1015 1
1014 982 1
1015 983 1
1015 89 1
1016 984 1
1016 1017 1
1017 985 1
1017 89 1
1018 986 1
1018 1019 1
1019 89 1
1019 987 1
1020 988 1
1020 1021 1
1021 89 1
1021 989 1
1022 1023 1
1022 993 1
1023 89 1
1023 994 1
1024 1025 1
1024 995 1
1025 996 1
1025 89 1
1026 973 1
1026 1027 1
1027 974 1
1027 89 1
1028 100 1
1028 1029 1
1029 151 1
1029 89 1
1030 97 10
1031 97 10
1032 97 10
1033 97 10
1034 97 10
1035 97 10
1036 97 10
1037 97 10
1038 97 10
1039 1040 1
1039 1011 1
1040 1012 1
1040 91 1
1041 1042 1
1041 1014 1
1042 1015 1
1042 91 1
1043 1016 1
1043 1044 1
1044 91 1
1044 1017 1
1045 1018 1
1045 1046 1
1046 91 1
1046 1019 1
1047 1026 1
1047 1048 1
1048 1027 1
1048 91 1
1049 1020 1
1049 1050 1
1050 91 1
1050 1021 1
1051 1052 1
1051 1022 1
1052 1023 1
1052 91 1
1053 1054 1
1053 1024 1
1054 1025 1
1054 91 1
1055 97 10
1056 1028 1
1056 1057 1
1057 1029 1
1057 91 1
1058 97 10
1059 997 1
1059 1060 1
1060 91 1
1060 998 1
1061 1008 1
1061 1062 1
1062 91 1
1062 1009 1
1063 95 10
1064 95 10
1065 95 10
1066 95 10
1067 95 10
1068 1047 1
1068 1069 1
1069 1048 1
1069 93 1
1070 95 10
1071 95 10
1072 1073 1
1072 1039 1
1073 1040 1
1073 93 1
1074 1075 1
1074 1041 1
1075 1042 1
1075 93 1
1076 1043 1
1076 1077 1
1077 93 1
1077 1044 1
1078 1045 1
1078 1079 1
1079 93 1
1079 1046 1
1080 95 10
1081 1049 1
1081 1082 1
1082 93 1
1082 1050 1
1083 1061 1
1083 1084 1
1084 93 1
1084 1062 1
1085 1086 1
1085 1051 1
1086 1052 1
1086 93 1
1087 1088 1
1087 1053 1
1088 1054 1
1088 93 1
1089 1056 1
1089 1090 1
1090 1057 1
1090 93 1
1091 95 10
1092 1059 1
1092 1093 1
1093 93 1
1093 1060 1
1094 95 10
1095 95 10
1096 5 10
1097 5 10
1098 1092 1
1098 1099 1
1099 1100 1
1099 1093 1
1101 1068 1
1101 1102 1
1102 1069 1
1102 1100 1
1103 5 10
1104 5 10
1105 1106 1
1105 1072 1
1106 1073 1
1106 1100 1
1107 1083 1
1107 1108 1
1108 1100 1
1108 1084 1
1109 1110 1
1109 1074 1
1110 1075 1
1110 1100 1
1111 1076 1
1111 1112 1
1112 1100 1
1112 1077 1
1113 1078 1
1113 1114 1
1114 1100 1
1114 1079 1
1115 1081 1
1115 1116 1
1116 1100 1
1116 1082 1
1117 1118 1
1117 1085 1
1118 1086 1
1118 1100 1
1119 1120 1
1119 1087 1
1120 1088 1
1120 1100 1
1121 5 10
1122 1089 1
1122 1123 1
1123 1090 1
1123 1100 1
1124 5 10
1125 5 10
1126 5 10
1127 5 10
1128 5 10
1129 6 1
1129 1130 1
1130 1100 1
1130 92 1
1131 5 10
1132 1101 1
1132 1133 1
1133 1102 1
1133 1134 1
1135 3 10
1136 3 10
1137 1138 1
1137 1105 1
1138 1106 1
1138 1134 1
1139 1140 1
1139 1109 1
1140 1110 1
1140 1134 1
1141 1111 1
1141 1142 1
1142 1134 1
1142 1112 1
1143 1129 1
1143 1144 1
1144 1134 1
1144 1130 1
1145 1113 1
1145 1146 1
1146 1134 1
1146 1114 1
1147 1115 1
1147 1148 1
1148 1134 1
1148 1116 1
1149 3 10
1150 1151 1
1150 1117 1
1151 1118 1
1151 1134 1
1152 1153 1
1152 1119 1
1153 1120 1
1153 1134 1
1154 1107 1
1154 1155 1
1155 1134 1
1155 1108 1
1156 1122 1
1156 1157 1
1157 1123 1
1157 1134 1
1158 3 10
1159 3 10
1160 1098 1
1160 1161 1
1161 1134 1
1161 1099 1
1162 3 10
1163 3 10
1164 3 10
1165 3 10
1166 3 10
1167 3 10
1168 1 1
1169 1 1
1170 1 1
1171 1 1
1172 1 1
1173 1 1
1174 1 1
1175 1 1
1176 1 1
1177 1 1
1178 1 1
1179 1180 10
1180 1181 1
1180 1275 1
1180 1337 1
1180 1399 1
1180 1461 1
1180 1523 1
1180 1585 10
1180 2324 10
1180 2325 10
1180 2326 10
1180 2327 10
1180 2328 10
1180 2329 10
1180 2330 1
1180 2332 10
1180 2333 10
1180 2334 10
1180 2335 10
1180 2336 10
1180 2337 1
1180 2339 1
1180 2341 1
1180 2343 1
1180 2345 1
1181 1182 1
1181 1273 1
1182 1183 1
1182 1271 1
1183 1184 1
1183 1269 1
1184 1185 1
1184 1267 1
1185 1186 1
1185 1265 1
1186 1187 1
1186 1263 1
1187 1188 1
1187 1261 1
1188 1189 1
1188 1259 1
1189 1190 1
1189 1257 1
1190 1191 1
1190 1255 1
1191 1192 1
1191 1253 1
1192 1193 1
1192 1251 1
1193 1194 1
1193 1249 1
1194 1195 1
1194 1232 1
1195 1196 1
1195 1231 1
1196 1197 1
1196 1230 1
1197 1198 1
1197 1229 1
1198 1199 1
1198 1228 1
1199 1200 1
1199 1227 1
1200 1201 1
1200 1226 1
1201 1202 1
1201 1225 1
1202 1203 1
1202 1224 1
1203 1204 1
1203 1223 1
1204 1205 1
1204 1222 1
1205 1206 1
1205 1221 1
1206 1207 1
1206 1220 1
1207 1208 1
1207 1219 1
1208 1209 1
1208 1218 1
1209 1210 1
1209 1217 1
1210 1211 1
1210 1216 1
1211 1212 1
1211 1215 1
1212 1213 1
1212 1214 1
1232 1233 1
1232 1196 1
1233 1197 1
1233 1234 1
1234 1235 1
1234 1198 1
1235 1199 1
1235 1236 1
1236 1237 1
1236 1200 1
1237 1201 1
1237 1238 1
1238 1239 1
1238 1202 1
1239 1203 1
1239 1240 1
1240 1204 1
1240 1241 1
1241 1242 1
1241 1205 1
1242 1206 1
1242 1243 1
1243 1244 1
1243 1207 1
1244 1208 1
1244 1245 1
1245 1246 1
1245 1209 1
1246 1210 1
1246 1247 1
1247 1248 1
1247 1211 1
1248 1212 1
1249 1195 1
1249 1250 1
1251 1249 1
1251 1252 1
1253 1251 1
1253 1254 1
1255 1253 1
1255 1256 1
1257 1255 1
1257 1258 1
1259 1260 1
1259 1257 1
1261 1262 1
1261 1259 1
1263 1264 1
1263 1261 1
1265 1266 1
1265 1263 1
1267 1268 1
1267 1265 1
1269 1270 1
1269 1267 1
1271 1272 1
1271 1269 1
1273 1274 1
1273 1271 1
1275 1276 1
1275 1336 1
1276 1277 1
1276 1335 1
1277 1278 1
1277 1334 1
1278 1279 1
1278 1333 1
1279 1280 1
1279 1332 1
1280 1281 1
1280 1331 1
1281 1282 1
1281 1330 1
1282 1283 1
1282 1329 1
1283 1284 1
1283 1328 1
1284 1285 1
1284 1327 1
1285 1286 1
1285 1326 1
1286 1287 1
1286 1325 1
1287 1288 1
1287 1307 1
1288 1289 1
1288 1250 1
1289 1290 1
1289 1231 1
1290 1291 1
1290 1230 1
1291 1292 1
1291 1229 1
1292 1293 1
1292 1228 1
1293 1294 1
1293 1227 1
1294 1295 1
1294 1226 1
1295 1296 1
1295 1225 1
1296 1297 1
1296 1224 1
1297 1298 1
1297 1223 1
1298 1299 1
1298 1222 1
1299 1300 1
1299 1221 1
1300 1301 1
1300 1220 1
1301 1302 1
1301 1219 1
1302 1303 1
1302 1218 1
1303 1304 1
1303 1217 1
1304 1305 1
1304 1216 1
1305 1306 1
1305 1215 1
1306 1213 1
1306 1214 1
1307 1308 1
1307 1289 1
1308 1290 1
1308 1309 1
1309 1310 1
1309 1291 1
1310 1292 1
1310 1311 1
1311 1312 1
1311 1293 1
1312 1294 1
1312 1313 1
1313 1314 1
1313 1295 1
1314 1296 1
1314 1315 1
1315 1316 1
1315 1297 1
1316 1298 1
1316 1317 1
1317 1318 1
1317 1299 1
1318 1300 1
1318 1319 1
1319 1320 1
1319 1301 1
1320 1302 1
1320 1321 1
1321 1322 1
1321 1303 1
1322 1304 1
1322 1323 1
1323 1324 1
1323 1305 1
1324 1306 1
1325 1288 1
1325 1252 1
1326 1325 1
1326 1254 1
1327 1326 1
1327 1256 1
1328 1327 1
1328 1258 1
1329 1260 1
1329 1328 1
1330 1262 1
1330 1329 1
1331 1264 1
1331 1330 1
1332 1266 1
1332 1331 1
1333 1268 1
1333 1332 1
1334 1270 1
1334 1333 1
1335 1272 1
1335 1334 1
1336 1274 1
1336 1335 1
1337 1338 1
1337 1398 1
1338 1339 1
1338 1397 1
1339 1340 1
1339 1396 1
1340 1341 1
1340 1395 1
1341 1342 1
1341 1394 1
1342 1343 1
1342 1393 1
1343 1344 1
1343 1392 1
1344 1345 1
1344 1391 1
1345 1346 1
1345 1390 1
1346 1347 1
1346 1389 1
1347 1348 1
1347 1388 1
1348 1349 1
1348 1387 1
1349 1350 1
1349 1386 1
1350 1351 1
1350 1385 1
1351 1352 1
1351 1369 1
1352 1353 1
1352 1230 1
1353 1354 1
1353 1229 1
1354 1355 1
1354 1228 1
1355 1356 1
1355 1227 1
1356 1357 1
1356 1226 1
1357 1358 1
1357 1225 1
1358 1359 1
1358 1224 1
1359 1360 1
1359 1223 1
1360 1361 1
1360 1222 1
1361 1362 1
1361 1221 1
1362 1363 1
1362 1220 1
1363 1364 1
1363 1219 1
1364 1365 1
1364 1218 1
1365 1366 1
1365 1217 1
1366 1367 1
1366 1216 1
1367 1368 1
1367 1215 1
1368 1213 1
1368 1214 1
1369 1370 1
1369 1353 1
1370 1354 1
1370 1371 1
1371 1372 1
1371 1355 1
1372 1356 1
1372 1373 1
1373 1374 1
1373 1357 1
1374 1358 1
1374 1375 1
1375 1376 1
1375 1359 1
1376 1360 1
1376 1377 1
1377 1378 1
1377 1361 1
1378 1362 1
1378 1379 1
1379 1380 1
1379 1363 1
1380 1364 1
1380 1381 1
1381 1382 1
1381 1365 1
1382 1366 1
1382 1383 1
1383 1384 1
1383 1367 1
1384 1368 1
1385 1352 1
1385 1231 1
1386 1385 1
1386 1250 1
1387 1386 1
1387 1252 1
1388 1387 1
1388 1254 1
1389 1388 1
1389 1256 1
1390 1389 1
1390 1258 1
1391 1260 1
1391 1390 1
1392 1262 1
1392 1391 1
1393 1264 1
1393 1392 1
1394 1266 1
1394 1393 1
1395 1268 1
1395 1394 1
1396 1270 1
1396 1395 1
1397 1272 1
1397 1396 1
1398 1274 1
1398 1397 1
1399 1400 1
1399 1460 1
1400 1401 1
1400 1459 1
1401 1402 1
1401 1458 1
1402 1403 1
1402 1457 1
1403 1404 1
1403 1456 1
1404 1405 1
1404 1455 1
1405 1406 1
1405 1454 1
1406 1407 1
1406 1453 1
1407 1408 1
1407 1452 1
1408 1409 1
1408 1451 1
1409 1410 1
1409 1450 1
1410 1411 1
1410 1449 1
1411 1412 1
1411 1448 1
1412 1413 1
1412 1447 1
1413 1414 1
1413 1446 1
1414 1415 1
1414 1445 1
1415 1416 1
1415 1431 1
1416 1417 1
1416 1228 1
1417 1418 1
1417 1227 1
1418 1419 1
1418 1226 1
1419 1420 1
1419 1225 1
1420 1421 1
1420 1224 1
1421 1422 1
1421 1223 1
1422 1423 1
1422 1222 1
1423 1424 1
1423 1221 1
1424 1425 1
1424 1220 1
1425 1426 1
1425 1219 1
1426 1427 1
1426 1218 1
1427 1428 1
1427 1217 1
1428 1429 1
1428 1216 1
1429 1430 1
1429 1215 1
1430 1213 1
1430 1214 1
1431 1417 1
1431 1432 1
1432 1433 1
1432 1418 1
1433 1419 1
1433 1434 1
1434 1435 1
1434 1420 1
1435 1421 1
1435 1436 1
1436 1437 1
1436 1422 1
1437 1423 1
1437 1438 1
1438 1439 1
1438 1424 1
1439 1425 1
1439 1440 1
1440 1441 1
1440 1426 1
1441 1427 1
1441 1442 1
1442 1443 1
1442 1428 1
1443 1429 1
1443 1444 1
1444 1430 1
1445 1416 1
1445 1229 1
1446 1445 1
1446 1230 1
1447 1446 1
1447 1231 1
1448 1447 1
1448 1250 1
1449 1448 1
1449 1252 1
1450 1449 1
1450 1254 1
1451 1450 1
1451 1256 1
1452 1451 1
1452 1258 1
1453 1260 1
1453 1452 1
1454 1262 1
1454 1453 1
1455 1264 1
1455 1454 1
1456 1266 1
1456 1455 1
1457 1268 1
1457 1456 1
1458 1270 1
1458 1457 1
1459 1272 1
1459 1458 1
1460 1274 1
1460 1459 1
1461 1462 1
1461 1522 1
1462 1463 1
1462 1521 1
1463 1464 1
1463 1520 1
1464 1465 1
1464 1519 1
1465 1466 1
1465 1518 1
1466 1467 1
1466 1517 1
1467 1468 1
1467 1516 1
1468 1469 1
1468 1515 1
1469 1470 1
1469 1493 1
1470 1471 1
1470 1258 1
1471 1472 1
1471 1256 1
1472 1473 1
1472 1254 1
1473 1474 1
1473 1252 1
1474 1475 1
1474 1250 1
1475 1476 1
1475 1231 1
1476 1477 1
1476 1230 1
1477 1478 1
1477 1229 1
1478 1479 1
1478 1228 1
1479 1480 1
1479 1227 1
1480 1481 1
1480 1226 1
1481 1482 1
1481 1225 1
1482 1483 1
1482 1224 1
1483 1484 1
1483 1223 1
1484 1485 1
1484 1222 1
1485 1486 1
1485 1221 1
1486 1220 1
1486 1487 1
1487 1219 1
1487 1488 1
1488 1218 1
1488 1489 1
1489 1217 1
1489 1490 1
1490 1216 1
1490 1491 1
1491 1215 1
1491 1492 1
1492 1213 1
1492 1214 1
1493 1494 1
1493 1471 1
1494 1472 1
1494 1495 1
1495 1473 1
1495 1496 1
1496 1497 1
1496 1474 1
1497 1475 1
1497 1498 1
1498 1499 1
1498 1476 1
1499 1500 1
1499 1477 1
1500 1501 1
1500 1478 1
1501 1502 1
1501 1479 1
1502 1503 1
1502 1480 1
1503 1504 1
1503 1481 1
1504 1505 1
1504 1482 1
1505 1506 1
1505 1483 1
1506 1507 1
1506 1484 1
1507 1508 1
1507 1485 1
1508 1509 1
1508 1486 1
1509 1510 1
1509 1487 1
1510 1511 1
1510 1488 1
1511 1512 1
1511 1489 1
1512 1513 1
1512 1490 1
1513 1514 1
1513 1491 1
1514 1492 1
1515 1470 1
1515 1260 1
1516 1515 1
1516 1262 1
1517 1516 1
1517 1264 1
1518 1517 1
1518 1266 1
1519 1518 1
1519 1268 1
1520 1519 1
1520 1270 1
1521 1520 1
1521 1272 1
1522 1521 1
1522 1274 1
1523 1524 1
1523 1584 1
1524 1525 1
1524 1583 1
1525 1526 1
1525 1582 1
1526 1527 1
1526 1581 1
1527 1528 1
1527 1580 1
1528 1529 1
1528 1579 1
1529 1530 1
1529 1578 1
1530 1531 1
1530 1577 1
1531 1532 1
1531 1555 1
1532 1533 1
1532 1258 1
1533 1534 1
1533 1256 1
1534 1535 1
1534 1254 1
1535 1536 1
1535 1252 1
1536 1537 1
1536 1250 1
1537 1538 1
1537 1231 1
1538 1539 1
1538 1230 1
1539 1540 1
1539 1229 1
1540 1541 1
1540 1228 1
1541 1542 1
1541 1227 1
1542 1543 1
1542 1226 1
1543 1544 1
1543 1225 1
1544 1545 1
1544 1224 1
1545 1546 1
1545 1223 1
1546 1547 1
1546 1222 1
1547 1548 1
1547 1221 1
1548 1220 1
1548 1549 1
1549 1219 1
1549 1550 1
1550 1218 1
1550 1551 1
1551 1217 1
1551 1552 1
1552 1216 1
1552 1553 1
1553 1215 1
1553 1554 1
1554 1213 1
1554 1214 1
1555 1556 1
1555 1533 1
1556 1534 1
1556 1557 1
1557 1558 1
1557 1535 1
1558 1559 1
1558 1536 1
1559 1560 1
1559 1537 1
1560 1561 1
1560 1538 1
1561 1562 1
1561 1539 1
1562 1563 1
1562 1540 1
1563 1564 1
1563 1541 1
1564 1565 1
1564 1542 1
1565 1566 1
1565 1543 1
1566 1567 1
1566 1544 1
1567 1568 1
1567 1545 1
1568 1569 1
1568 1546 1
1569 1570 1
1569 1547 1
1570 1571 1
1570 1548 1
1571 1572 1
1571 1549 1
1572 1573 1
1572 1550 1
1573 1574 1
1573 1551 1
1574 1575 1
1574 1552 1
1575 1576 1
1575 1553 1
1576 1554 1
1577 1532 1
1577 1260 1
1578 1577 1
1578 1262 1
1579 1578 1
1579 1264 1
1580 1579 1
1580 1266 1
1581 1580 1
1581 1268 1
1582 1581 1
1582 1270 1
1583 1582 1
1583 1272 1
1584 1583 1
1584 1274 1
1585 1586 10
1586 1182 1
1586 1338 1
1586 1587 1
1586 1400 1
1586 1647 10
1586 1524 1
1586 1276 1
1586 1462 1
1586 2303 10
1586 2304 10
1586 2305 10
1586 2306 10
1586 2307 10
1586 2308 10
1586 2309 10
1586 2310 10
1586 2311 10
1586 2312 1
1586 2314 10
1586 2315 10
1586 2316 1
1586 2318 1
1586 2320 1
1586 2322 1
1587 1588 1
1587 1618 1
1588 1589 1
1588 1272 1
1589 1590 1
1589 1270 1
1590 1591 1
1590 1268 1
1591 1592 1
1591 1266 1
1592 1593 1
1592 1264 1
1593 1594 1
1593 1262 1
1594 1595 1
1594 1260 1
1595 1596 1
1595 1258 1
1596 1597 1
1596 1256 1
1597 1598 1
1597 1254 1
1598 1599 1
1598 1252 1
1599 1600 1
1599 1250 1
1600 1601 1
1600 1231 1
1601 1602 1
1601 1230 1
1602 1603 1
1602 1229 1
1603 1604 1
1603 1228 1
1604 1605 1
1604 1227 1
1605 1606 1
1605 1226 1
1606 1607 1
1606 1225 1
1607 1608 1
1607 1224 1
1608 1609 1
1608 1223 1
1609 1610 1
1609 1222 1
1610 1611 1
1610 1221 1
1611 1220 1
1611 1612 1
1612 1219 1
1612 1613 1
1613 1218 1
1613 1614 1
1614 1217 1
1614 1615 1
1615 1216 1
1615 1616 1
1616 1215 1
1616 1617 1
1617 1213 1
1617 1214 1
1618 1589 1
1618 1619 1
1619 1590 1
1619 1620 1
1620 1591 1
1620 1621 1
1621 1592 1
1621 1622 1
1622 1593 1
1622 1623 1
1623 1594 1
1623 1624 1
1624 1625 1
1624 1595 1
1625 1596 1
1625 1626 1
1626 1627 1
1626 1597 1
1627 1598 1
1627 1628 1
1628 1629 1
1628 1599 1
1629 1600 1
1629 1630 1
1630 1631 1
1630 1601 1
1631 1602 1
1631 1632 1
1632 1633 1
1632 1603 1
1633 1634 1
1633 1604 1
1634 1635 1
1634 1605 1
1635 1636 1
1635 1606 1
1636 1637 1
1636 1607 1
1637 1638 1
1637 1608 1
1638 1639 1
1638 1609 1
1639 1640 1
1639 1610 1
1640 1641 1
1640 1611 1
1641 1642 1
1641 1612 1
1642 1643 1
1642 1613 1
1643 1644 1
1643 1614 1
1644 1645 1
1644 1615 1
1645 1646 1
1645 1616 1
1646 1617 1
1647 1648 10
1648 1463 1
1648 1649 1
1648 1183 1
1648 1707 10
1648 1339 1
1648 1401 1
1648 1525 1
1648 2284 10
1648 2285 10
1648 2286 10
1648 2287 10
1648 1618 1
1648 1277 1
1648 2288 10
1648 2289 1
1648 2291 10
1648 2292 1
1648 2294 10
1648 2295 10
1648 2296 10
1648 2297 10
1648 2298 10
1648 2299 1
1648 2301 1
1649 1650 1
1649 1706 1
1650 1651 1
1650 1705 1
1651 1652 1
1651 1704 1
1652 1653 1
1652 1703 1
1653 1654 1
1653 1702 1
1654 1655 1
1654 1701 1
1655 1656 1
1655 1679 1
1656 1657 1
1656 1258 1
1657 1658 1
1657 1256 1
1658 1659 1
1658 1254 1
1659 1660 1
1659 1252 1
1660 1661 1
1660 1250 1
1661 1662 1
1661 1231 1
1662 1663 1
1662 1230 1
1663 1664 1
1663 1229 1
1664 1665 1
1664 1228 1
1665 1666 1
1665 1227 1
1666 1667 1
1666 1226 1
1667 1668 1
1667 1225 1
1668 1669 1
1668 1224 1
1669 1670 1
1669 1223 1
1670 1671 1
1670 1222 1
1671 1672 1
1671 1221 1
1672 1220 1
1672 1673 1
1673 1219 1
1673 1674 1
1674 1218 1
1674 1675 1
1675 1217 1
1675 1676 1
1676 1216 1
1676 1677 1
1677 1215 1
1677 1678 1
1678 1213 1
1678 1214 1
1679 1680 1
1679 1657 1
1680 1658 1
1680 1681 1
1681 1682 1
1681 1659 1
1682 1660 1
1682 1683 1
1683 1684 1
1683 1661 1
1684 1662 1
1684 1685 1
1685 1686 1
1685 1663 1
1686 1687 1
1686 1664 1
1687 1688 1
1687 1665 1
1688 1689 1
1688 1666 1
1689 1690 1
1689 1667 1
1690 1691 1
1690 1668 1
1691 1692 1
1691 1669 1
1692 1693 1
1692 1670 1
1693 1694 1
1693 1671 1
1694 1695 1
1694 1672 1
1695 1696 1
1695 1673 1
1696 1697 1
1696 1674 1
1697 1698 1
1697 1675 1
1698 1699 1
1698 1676 1
1699 1700 1
1699 1677 1
1700 1678 1
1701 1656 1
1701 1260 1
1702 1701 1
1702 1262 1
1703 1702 1
1703 1264 1
1704 1703 1
1704 1266 1
1705 1704 1
1705 1268 1
1706 1705 1
1706 1270 1
1707 1708 10
1708 1709 1
1708 1765 10
1708 1650 1
1708 1278 1
1708 1184 1
1708 1340 1
1708 1402 1
1708 1464 1
1708 1526 1
1708 2267 1
1708 2269 10
1708 2270 10
1708 2271 10
1708 2272 10
1708 2273 10
1708 2274 10
1708 2275 10
1708 2276 10
1708 2277 10
1708 2278 1
1708 2280 10
1708 2281 10
1708 2282 1
1708 1619 1
1709 1710 1
1709 1738 1
1710 1711 1
1710 1268 1
1711 1712 1
1711 1266 1
1712 1713 1
1712 1264 1
1713 1714 1
1713 1262 1
1714 1715 1
1714 1260 1
1715 1716 1
1715 1258 1
1716 1717 1
1716 1256 1
1717 1718 1
1717 1254 1
1718 1719 1
1718 1252 1
1719 1720 1
1719 1250 1
1720 1721 1
1720 1231 1
1721 1722 1
1721 1230 1
1722 1723 1
1722 1229 1
1723 1724 1
1723 1228 1
1724 1725 1
1724 1227 1
1725 1726 1
1725 1226 1
1726 1727 1
1726 1225 1
1727 1728 1
1727 1224 1
1728 1729 1
1728 1223 1
1729 1730 1
1729 1222 1
1730 1731 1
1730 1221 1
1731 1220 1
1731 1732 1
1732 1219 1
1732 1733 1
1733 1218 1
1733 1734 1
1734 1217 1
1734 1735 1
1735 1216 1
1735 1736 1
1736 1215 1
1736 1737 1
1737 1213 1
1737 1214 1
1738 1711 1
1738 1739 1
1739 1712 1
1739 1740 1
1740 1713 1
1740 1741 1
1741 1714 1
1741 1742 1
1742 1743 1
1742 1715 1
1743 1716 1
1743 1744 1
1744 1745 1
1744 1717 1
1745 1718 1
1745 1746 1
1746 1747 1
1746 1719 1
1747 1748 1
1747 1720 1
1748 1749 1
1748 1721 1
1749 1750 1
1749 1722 1
1750 1751 1
1750 1723 1
1751 1752 1
1751 1724 1
1752 1753 1
1752 1725 1
1753 1754 1
1753 1726 1
1754 1755 1
1754 1727 1
1755 1756 1
1755 1728 1
1756 1757 1
1756 1729 1
1757 1758 1
1757 1730 1
1758 1759 1
1758 1731 1
1759 1760 1
1759 1732 1
1760 1761 1
1760 1733 1
1761 1762 1
1761 1734 1
1762 1763 1
1762 1735 1
1763 1764 1
1763 1736 1
1764 1737 1
1765 1766 10
1766 1767 1
1766 1738 1
1766 1651 1
1766 1185 1
1766 1620 1
1766 1341 1
1766 1403 1
1766 1821 1
1766 1279 1
1766 1527 1
1766 1875 10
1766 2254 10
1766 2255 10
1766 2256 10
1766 2257 10
1766 2258 10
1766 1465 1
1766 2259 1
1766 2261 10
1766 2262 10
1766 2263 10
1766 2264 10
1766 2265 10
1766 2266 10
1767 1768 1
1767 1795 1
1768 1769 1
1768 1266 1
1769 1770 1
1769 1264 1
1770 1771 1
1770 1262 1
1771 1772 1
1771 1260 1
1772 1773 1
1772 1258 1
1773 1774 1
1773 1256 1
1774 1775 1
1774 1254 1
1775 1776 1
1775 1252 1
1776 1777 1
1776 1250 1
1777 1778 1
1777 1231 1
1778 1779 1
1778 1230 1
1779 1780 1
1779 1229 1
1780 1781 1
1780 1228 1
1781 1782 1
1781 1227 1
1782 1783 1
1782 1226 1
1783 1784 1
1783 1225 1
1784 1785 1
1784 1224 1
1785 1786 1
1785 1223 1
1786 1787 1
1786 1222 1
1787 1788 1
1787 1221 1
1788 1220 1
1788 1789 1
1789 1219 1
1789 1790 1
1790 1218 1
1790 1791 1
1791 1217 1
1791 1792 1
1792 1216 1
1792 1793 1
1793 1215 1
1793 1794 1
1794 1213 1
1794 1214 1
1795 1769 1
1795 1796 1
1796 1770 1
1796 1797 1
1797 1771 1
1797 1798 1
1798 1799 1
1798 1772 1
1799 1773 1
1799 1800 1
1800 1801 1
1800 1774 1
1801 1802 1
1801 1775 1
1802 1803 1
1802 1776 1
1803 1804 1
1803 1777 1
1804 1805 1
1804 1778 1
1805 1806 1
1805 1779 1
1806 1807 1
1806 1780 1
1807 1808 1
1807 1781 1
1808 1809 1
1808 1782 1
1809 1810 1
1809 1783 1
1810 1811 1
1810 1784 1
1811 1812 1
1811 1785 1
1812 1813 1
1812 1786 1
1813 1814 1
1813 1787 1
1814 1815 1
1814 1788 1
1815 1816 1
1815 1789 1
1816 1817 1
1816 1790 1
1817 1818 1
1817 1791 1
1818 1819 1
1818 1792 1
1819 1820 1
1819 1793 1
1820 1794 1
1821 1822 1
1821 1874 1
1822 1823 1
1822 1873 1
1823 1824 1
1823 1872 1
1824 1825 1
1824 1871 1
1825 1826 1
1825 1870 1
1826 1827 1
1826 1869 1
1827 1828 1
1827 1868 1
1828 1829 1
1828 1867 1
1829 1830 1
1829 1866 1
1830 1831 1
1830 1865 1
1831 1832 1
1831 1864 1
1832 1833 1
1832 1849 1
1833 1834 1
1833 1229 1
1834 1835 1
1834 1228 1
1835 1836 1
1835 1227 1
1836 1837 1
1836 1226 1
1837 1838 1
1837 1225 1
1838 1839 1
1838 1224 1
1839 1840 1
1839 1223 1
1840 1841 1
1840 1222 1
1841 1842 1
1841 1221 1
1842 1843 1
1842 1220 1
1843 1844 1
1843 1219 1
1844 1845 1
1844 1218 1
1845 1846 1
1845 1217 1
1846 1847 1
1846 1216 1
1847 1848 1
1847 1215 1
1848 1213 1
1848 1214 1
1849 1850 1
1849 1834 1
1850 1835 1
1850 1851 1
1851 1852 1
1851 1836 1
1852 1837 1
1852 1853 1
1853 1854 1
1853 1838 1
1854 1839 1
1854 1855 1
1855 1856 1
1855 1840 1
1856 1841 1
1856 1857 1
1857 1858 1
1857 1842 1
1858 1843 1
1858 1859 1
1859 1860 1
1859 1844 1
1860 1845 1
1860 1861 1
1861 1862 1
1861 1846 1
1862 1847 1
1862 1863 1
1863 1848 1
1864 1833 1
1864 1230 1
1865 1864 1
1865 1231 1
1866 1865 1
1866 1250 1
1867 1866 1
1867 1252 1
1868 1867 1
1868 1254 1
1869 1868 1
1869 1256 1
1870 1869 1
1870 1258 1
1871 1260 1
1871 1870 1
1872 1262 1
1872 1871 1
1873 1264 1
1873 1872 1
1874 1266 1
1874 1873 1
1875 1876 10
1876 1877 10
1876 2241 10
1876 1795 1
1876 1739 1
1876 1466 1
1876 1652 1
1876 2242 1
1876 1186 1
1876 1342 1
1876 1404 1
1876 1528 1
1876 2244 10
1876 2245 10
1876 1621 1
1876 2246 10
1876 2247 10
1876 1280 1
1876 2248 10
1876 2249 10
1876 2250 10
1876 2251 10
1876 2252 10
1876 2253 10
1876 1822 1
1877 1878 10
1878 1823 1
1878 1879 10
1878 2228 10
1878 1622 1
1878 2229 10
1878 1796 1
1878 1740 1
1878 2230 10
1878 1281 1
1878 1653 1
1878 1187 1
1878 1343 1
1878 1467 1
1878 1405 1
1878 2231 10
1878 1529 1
1878 2232 10
1878 2233 10
1878 2234 10
1878 2235 10
1878 2236 10
1878 2237 10
1878 2238 1
1878 2240 10
1879 1880 10
1880 1881 10
1880 2215 10
1880 2216 10
1880 2217 10
1880 2218 10
1880 2219 10
1880 1797 1
1880 2220 1
1880 1741 1
1880 1654 1
1880 1188 1
1880 1623 1
1880 1344 1
1880 1824 1
1880 1406 1
1880 2222 10
1880 1530 1
1880 2223 10
1880 2224 10
1880 2225 10
1880 2226 10
1880 1468 1
1880 1282 1
1880 2227 10
1881 1882 10
1882 1283 1
1882 1883 10
1882 2202 10
1882 2203 1
1882 2205 10
1882 1825 1
1882 2206 10
1882 2207 10
1882 2208 10
1882 1798 1
1882 1469 1
1882 1742 1
1882 1655 1
1882 1189 1
1882 2209 10
1882 1345 1
1882 1407 1
1882 1531 1
1882 1624 1
1882 2210 10
1882 2211 10
1882 2212 10
1882 2213 10
1882 2214 10
1883 1884 10
1884 1625 1
1884 1284 1
1884 1885 10
1884 2189 10
1884 2190 1
1884 2192 10
1884 2193 10
1884 1826 1
1884 2194 10
1884 2195 10
1884 2196 10
1884 2197 10
1884 1799 1
1884 1743 1
1884 1679 1
1884 1190 1
1884 1346 1
1884 1408 1
1884 2198 10
1884 1555 1
1884 1493 1
1884 2199 10
1884 2200 10
1884 2201 10
1885 1886 10
1886 1887 10
1886 1285 1
1886 2176 10
1886 1800 1
1886 2177 10
1886 2178 10
1886 2179 10
1886 1827 1
1886 1626 1
1886 2180 10
1886 2181 10
1886 2182 10
1886 2183 10
1886 2184 10
1886 2185 10
1886 1744 1
1886 2186 10
1886 1680 1
1886 1191 1
1886 1347 1
1886 1409 1
1886 1556 1
1886 1494 1
1886 2187 1
1887 1888 10
1888 1627 1
1888 1889 10
1888 2163 10
1888 2164 10
1888 2165 10
1888 2166 1
1888 2168 10
1888 2169 10
1888 2170 10
1888 1801 1
1888 2171 10
1888 2172 10
1888 2173 10
1888 2174 10
1888 1745 1
1888 1681 1
1888 1828 1
1888 1286 1
1888 1192 1
1888 2175 10
1888 1348 1
1888 1410 1
1888 1557 1
1888 1495 1
1889 1890 10
1890 1496 1
1890 1628 1
1890 1287 1
1890 1891 10
1890 2150 10
1890 2151 1
1890 2153 10
1890 1829 1
1890 2154 10
1890 2155 10
1890 2156 10
1890 2157 10
1890 1802 1
1890 2158 10
1890 1746 1
1890 2159 10
1890 2160 10
1890 1682 1
1890 1193 1
1890 2161 10
1890 1349 1
1890 1411 1
1890 2162 10
1890 1558 1
1891 1892 10
1892 1747 1
1892 1497 1
1892 1629 1
1892 1307 1
1892 1893 10
1892 2137 10
1892 2138 10
1892 1830 1
1892 2139 10
1892 2140 10
1892 2141 10
1892 1803 1
1892 2142 10
1892 2143 10
1892 2144 10
1892 2145 1
1892 2147 10
1892 1683 1
1892 2148 10
1892 1194 1
1892 1350 1
1892 1412 1
1892 2149 10
1892 1559 1
1893 1894 10
1894 1560 1
1894 1498 1
1894 1831 1
1894 1630 1
1894 1308 1
1894 1895 10
1894 2124 1
1894 2126 10
1894 2127 10
1894 2128 10
1894 2129 10
1894 2130 10
1894 1804 1
1894 2131 10
1894 1748 1
1894 2132 10
1894 2133 10
1894 2134 10
1894 1232 1
1894 2135 10
1894 1684 1
1894 1351 1
1894 2136 10
1894 1413 1
1895 1896 10
1896 1561 1
1896 1805 1
1896 1499 1
1896 1631 1
1896 1309 1
1896 1832 1
1896 1897 1
1896 1929 1
1896 2113 1
1896 2114 1
1896 1749 1
1896 2115 1
1896 2116 1
1896 2117 1
1896 2118 1
1896 2119 1
1896 2120 1
1896 2121 1
1896 1685 1
1896 2122 1
1896 1233 1
1896 1369 1
1896 1414 1
1896 2123 1
1897 1898 1
1897 1914 1
1898 1899 1
1898 1229 1
1899 1900 1
1899 1228 1
1900 1901 1
1900 1227 1
1901 1902 1
1901 1226 1
1902 1903 1
1902 1225 1
1903 1904 1
1903 1224 1
1904 1905 1
1904 1223 1
1905 1906 1
1905 1222 1
1906 1907 1
1906 1221 1
1907 1908 1
1907 1220 1
1908 1909 1
1908 1219 1
1909 1910 1
1909 1218 1
1910 1911 1
1910 1217 1
1911 1912 1
1911 1216 1
1912 1913 1
1912 1215 1
1913 1213 1
1913 1214 1
1914 1915 1
1914 1899 1
1915 1900 1
1915 1916 1
1916 1917 1
1916 1901 1
1917 1902 1
1917 1918 1
1918 1919 1
1918 1903 1
1919 1904 1
1919 1920 1
1920 1921 1
1920 1905 1
1921 1906 1
1921 1922 1
1922 1923 1
1922 1907 1
1923 1908 1
1923 1924 1
1924 1925 1
1924 1909 1
1925 1910 1
1925 1926 1
1926 1927 1
1926 1911 1
1927 1912 1
1927 1928 1
1928 1913 1
1929 1930 10
1930 1562 1
1930 1500 1
1930 1931 10
1930 1632 1
1930 1806 1
1930 1310 1
1930 1914 1
1930 1849 1
1930 2102 10
1930 2103 10
1930 2104 10
1930 2105 10
1930 2106 10
1930 2107 10
1930 2108 10
1930 1750 1
1930 2109 10
1930 2110 10
1930 1686 1
1930 2111 10
1930 2112 10
1930 1234 1
1930 1370 1
1930 1415 1
1931 1932 10
1932 1563 1
1932 1501 1
1932 1633 1
1932 1311 1
1932 1933 10
1932 1915 1
1932 2091 10
1932 1850 1
1932 2092 10
1932 2093 10
1932 2094 10
1932 1807 1
1932 2095 10
1932 1751 1
1932 2096 10
1932 2097 10
1932 1687 1
1932 2098 10
1932 2099 10
1932 2100 10
1932 2101 10
1932 1371 1
1932 1235 1
1932 1431 1
1933 1934 10
1934 1432 1
1934 1935 10
1934 1564 1
1934 1502 1
1934 1634 1
1934 1312 1
1934 1916 1
1934 1851 1
1934 2080 10
1934 1688 1
1934 2081 10
1934 1808 1
1934 2082 10
1934 2083 10
1934 1752 1
1934 2084 10
1934 2085 10
1934 2086 10
1934 2087 10
1934 2088 10
1934 1236 1
1934 2089 10
1934 1372 1
1934 2090 10
1935 1936 10
1936 1433 1
1936 1565 1
1936 1753 1
1936 1503 1
1936 1937 10
1936 1635 1
1936 1313 1
1936 1917 1
1936 1852 1
1936 2069 10
1936 2070 10
1936 2071 10
1936 2072 10
1936 2073 10
1936 2074 10
1936 2075 10
1936 1689 1
1936 1809 1
1936 2076 10
1936 2077 10
1936 1237 1
1936 2078 10
1936 2079 10
1936 1373 1
1937 1938 10
1938 1939 10
1938 1374 1
1938 1434 1
1938 1566 1
1938 1504 1
1938 1636 1
1938 1754 1
1938 1314 1
1938 1918 1
1938 1238 1
1938 1853 1
1938 1810 1
1938 2058 10
1938 2059 10
1938 2060 10
1938 2061 10
1938 2062 10
1938 2063 10
1938 2064 10
1938 2065 10
1938 1690 1
1938 2066 10
1938 2067 10
1938 2068 10
1939 1940 10
1940 1941 10
1940 1375 1
1940 2047 10
1940 1691 1
1940 1435 1
1940 1567 1
1940 2048 10
1940 1505 1
1940 1637 1
1940 1315 1
1940 1919 1
1940 1755 1
1940 1854 1
1940 2049 10
1940 1811 1
1940 2050 10
1940 2051 10
1940 2052 10
1940 2053 10
1940 2054 10
1940 2055 10
1940 2056 10
1940 1239 1
1940 2057 10
1941 1942 10
1942 1943 10
1942 2036 10
1942 2037 10
1942 2038 10
1942 2039 10
1942 1436 1
1942 1568 1
1942 1692 1
1942 1506 1
1942 1638 1
1942 1376 1
1942 1316 1
1942 1920 1
1942 1855 1
1942 1812 1
1942 2040 10
1942 1756 1
1942 2041 10
1942 2042 10
1942 2043 10
1942 2044 10
1942 2045 10
1942 2046 10
1942 1240 1
1943 1944 10
1944 1945 10
1944 1241 1
1944 2025 10
1944 2026 10
1944 2027 10
1944 2028 10
1944 1437 1
1944 2029 10
1944 2030 10
1944 1569 1
1944 1507 1
1944 1639 1
1944 1317 1
1944 2031 10
1944 1921 1
1944 1377 1
1944 1856 1
1944 1813 1
1944 1757 1
1944 2032 10
1944 2033 10
1944 1693 1
1944 2034 10
1944 2035 10
1945 1946 10
1946 1947 10
1946 2014 10
1946 2015 10
1946 2016 10
1946 1378 1
1946 2017 10
1946 2018 10
1946 2019 10
1946 2020 10
1946 1570 1
1946 1438 1
1946 1508 1
1946 1242 1
1946 1640 1
1946 1318 1
1946 1922 1
1946 1857 1
1946 1694 1
1946 1814 1
1946 2021 10
1946 1758 1
1946 2022 10
1946 2023 10
1946 2024 10
1947 1948 10
1948 1949 10
1948 2003 10
1948 2004 10
1948 2005 10
1948 2006 10
1948 1379 1
1948 2007 10
1948 2008 10
1948 2009 10
1948 2010 10
1948 2011 10
1948 1571 1
1948 1509 1
1948 1641 1
1948 1319 1
1948 1439 1
1948 1243 1
1948 1923 1
1948 1858 1
1948 1815 1
1948 1695 1
1948 1759 1
1948 2012 10
1948 2013 10
1949 1950 10
1950 1696 1
1950 1951 10
1950 1992 10
1950 1993 10
1950 1994 10
1950 1995 10
1950 1996 10
1950 1380 1
1950 1997 10
1950 1998 10
1950 1999 10
1950 2000 10
1950 2001 10
1950 2002 10
1950 1572 1
1950 1510 1
1950 1642 1
1950 1320 1
1950 1924 1
1950 1859 1
1950 1440 1
1950 1244 1
1950 1816 1
1950 1760 1
1951 1952 10
1952 1697 1
1952 1953 10
1952 1981 10
1952 1245 1
1952 1982 10
1952 1381 1
1952 1983 10
1952 1984 10
1952 1985 10
1952 1986 10
1952 1987 10
1952 1988 10
1952 1989 10
1952 1990 10
1952 1573 1
1952 1511 1
1952 1643 1
1952 1321 1
1952 1925 1
1952 1860 1
1952 1817 1
1952 1441 1
1952 1761 1
1952 1991 10
1953 1954 10
1954 1698 1
1954 1442 1
1954 1955 10
1954 1246 1
1954 1970 10
1954 1971 10
1954 1972 10
1954 1973 10
1954 1974 10
1954 1975 10
1954 1976 10
1954 1977 10
1954 1574 1
1954 1978 10
1954 1979 10
1954 1512 1
1954 1382 1
1954 1644 1
1954 1322 1
1954 1980 10
1954 1926 1
1954 1861 1
1954 1818 1
1954 1762 1
1955 1956 10
1956 1763 1
1956 1699 1
1956 1957 10
1956 1959 10
1956 1383 1
1956 1443 1
1956 1960 10
1956 1961 10
1956 1247 1
1956 1962 10
1956 1963 10
1956 1513 1
1956 1964 10
1956 1575 1
1956 1965 10
1956 1966 10
1956 1967 10
1956 1645 1
1956 1323 1
1956 1968 10
1956 1927 1
1956 1862 1
1956 1969 10
1956 1819 1
1957 1958 10
1958 1576 1
1958 1928 1
1958 1248 1
1958 1764 1
1958 1514 1
1958 1863 1
1958 1700 1
1958 1444 1
1958 1384 1
1958 1324 1
1958 1820 1
1958 1646 1
1959 1958 10
1960 1958 10
1961 1958 10
1962 1958 10
1963 1958 10
1964 1958 10
1965 1958 10
1966 1958 10
1967 1958 10
1968 1958 10
1969 1958 10
1970 1956 10
1971 1956 10
1972 1956 10
1973 1956 10
1974 1956 10
1975 1956 10
1976 1956 10
1977 1956 10
1978 1956 10
1979 1956 10
1980 1956 10
1981 1954 10
1982 1954 10
1983 1954 10
1984 1954 10
1985 1954 10
1986 1954 10
1987 1954 10
1988 1954 10
1989 1954 10
1990 1954 10
1991 1954 10
1992 1952 10
1993 1952 10
1994 1952 10
1995 1952 10
1996 1952 10
1997 1952 10
1998 1952 10
1999 1952 10
2000 1952 10
2001 1952 10
2002 1952 10
2003 1950 10
2004 1950 10
2005 1950 10
2006 1950 10
2007 1950 10
2008 1950 10
2009 1950 10
2010 1950 10
2011 1950 10
2012 1950 10
2013 1950 10
2014 1948 10
2015 1948 10
2016 1948 10
2017 1948 10
2018 1948 10
2019 1948 10
2020 1948 10
2021 1948 10
2022 1948 10
2023 1948 10
2024 1948 10
2025 1946 10
2026 1946 10
2027 1946 10
2028 1946 10
2029 1946 10
2030 1946 10
2031 1946 10
2032 1946 10
2033 1946 10
2034 1946 10
2035 1946 10
2036 1944 10
2037 1944 10
2038 1944 10
2039 1944 10
2040 1944 10
2041 1944 10
2042 1944 10
2043 1944 10
2044 1944 10
2045 1944 10
2046 1944 10
2047 1942 10
2048 1942 10
2049 1942 10
2050 1942 10
2051 1942 10
2052 1942 10
2053 1942 10
2054 1942 10
2055 1942 10
2056 1942 10
2057 1942 10
2058 1940 10
2059 1940 10
2060 1940 10
2061 1940 10
2062 1940 10
2063 1940 10
2064 1940 10
2065 1940 10
2066 1940 10
2067 1940 10
2068 1940 10
2069 1938 10
2070 1938 10
2071 1938 10
2072 1938 10
2073 1938 10
2074 1938 10
2075 1938 10
2076 1938 10
2077 1938 10
2078 1938 10
2079 1938 10
2080 1936 10
2081 1936 10
2082 1936 10
2083 1936 10
2084 1936 10
2085 1936 10
2086 1936 10
2087 1936 10
2088 1936 10
2089 1936 10
2090 1936 10
2091 1934 10
2092 1934 10
2093 1934 10
2094 1934 10
2095 1934 10
2096 1934 10
2097 1934 10
2098 1934 10
2099 1934 10
2100 1934 10
2101 1934 10
2102 1932 10
2103 1932 10
2104 1932 10
2105 1932 10
2106 1932 10
2107 1932 10
2108 1932 10
2109 1932 10
2110 1932 10
2111 1932 10
2112 1932 10
2113 1930 10
2114 1930 10
2115 1930 10
2116 1930 10
2117 1930 10
2118 1930 10
2119 1930 10
2120 1930 10
2121 1930 10
2122 1930 10
2123 1930 10
2124 1897 1
2124 2125 1
2125 1898 1
2125 1230 1
2126 1896 10
2127 1896 10
2128 1896 10
2129 1896 10
2130 1896 10
2131 1896 10
2132 1896 10
2133 1896 10
2134 1896 10
2135 1896 10
2136 1896 10
2137 1894 10
2138 1894 10
2139 1894 10
2140 1894 10
2141 1894 10
2142 1894 10
2143 1894 10
2144 1894 10
2145 2146 1
2145 2124 1
2146 2125 1
2146 1231 1
2147 1894 10
2148 1894 10
2149 1894 10
2150 1892 10
2151 2145 1
2151 2152 1
2152 2146 1
2152 1250 1
2153 1892 10
2154 1892 10
2155 1892 10
2156 1892 10
2157 1892 10
2158 1892 10
2159 1892 10
2160 1892 10
2161 1892 10
2162 1892 10
2163 1890 10
2164 1890 10
2165 1890 10
2166 2151 1
2166 2167 1
2167 2152 1
2167 1252 1
2168 1890 10
2169 1890 10
2170 1890 10
2171 1890 10
2172 1890 10
2173 1890 10
2174 1890 10
2175 1890 10
2176 1888 10
2177 1888 10
2178 1888 10
2179 1888 10
2180 1888 10
2181 1888 10
2182 1888 10
2183 1888 10
2184 1888 10
2185 1888 10
2186 1888 10
2187 2166 1
2187 2188 1
2188 2167 1
2188 1254 1
2189 1886 10
2190 2187 1
2190 2191 1
2191 2188 1
2191 1256 1
2192 1886 10
2193 1886 10
2194 1886 10
2195 1886 10
2196 1886 10
2197 1886 10
2198 1886 10
2199 1886 10
2200 1886 10
2201 1886 10
2202 1884 10
2203 2190 1
2203 2204 1
2204 2191 1
2204 1258 1
2205 1884 10
2206 1884 10
2207 1884 10
2208 1884 10
2209 1884 10
2210 1884 10
2211 1884 10
2212 1884 10
2213 1884 10
2214 1884 10
2215 1882 10
2216 1882 10
2217 1882 10
2218 1882 10
2219 1882 10
2220 2203 1
2220 2221 1
2221 1260 1
2221 2204 1
2222 1882 10
2223 1882 10
2224 1882 10
2225 1882 10
2226 1882 10
2227 1882 10
2228 1880 10
2229 1880 10
2230 1880 10
2231 1880 10
2232 1880 10
2233 1880 10
2234 1880 10
2235 1880 10
2236 1880 10
2237 1880 10
2238 2220 1
2238 2239 1
2239 1262 1
2239 2221 1
2240 1880 10
2241 1878 10
2242 2238 1
2242 2243 1
2243 1264 1
2243 2239 1
2244 1878 10
2245 1878 10
2246 1878 10
2247 1878 10
2248 1878 10
2249 1878 10
2250 1878 10
2251 1878 10
2252 1878 10
2253 1878 10
2254 1876 10
2255 1876 10
2256 1876 10
2257 1876 10
2258 1876 10
2259 2242 1
2259 2260 1
2260 1266 1
2260 2243 1
2261 1876 10
2262 1876 10
2263 1876 10
2264 1876 10
2265 1876 10
2266 1876 10
2267 2259 1
2267 2268 1
2268 1268 1
2268 2260 1
2269 1766 10
2270 1766 10
2271 1766 10
2272 1766 10
2273 1766 10
2274 1766 10
2275 1766 10
2276 1766 10
2277 1766 10
2278 1821 1
2278 2279 1
2279 1268 1
2279 1874 1
2280 1766 10
2281 1766 10
2282 2283 1
2282 1767 1
2283 1768 1
2283 1268 1
2284 1708 10
2285 1708 10
2286 1708 10
2287 1708 10
2288 1708 10
2289 2267 1
2289 2290 1
2290 1270 1
2290 2268 1
2291 1708 10
2292 2278 1
2292 2293 1
2293 1270 1
2293 2279 1
2294 1708 10
2295 1708 10
2296 1708 10
2297 1708 10
2298 1708 10
2299 2282 1
2299 2300 1
2300 2283 1
2300 1270 1
2301 2302 1
2301 1709 1
2302 1710 1
2302 1270 1
2303 1648 10
2304 1648 10
2305 1648 10
2306 1648 10
2307 1648 10
2308 1648 10
2309 1648 10
2310 1648 10
2311 1648 10
2312 2292 1
2312 2313 1
2313 1272 1
2313 2293 1
2314 1648 10
2315 1648 10
2316 2289 1
2316 2317 1
2317 1272 1
2317 2290 1
2318 2299 1
2318 2319 1
2319 2300 1
2319 1272 1
2320 2321 1
2320 2301 1
2321 2302 1
2321 1272 1
2322 1649 1
2322 2323 1
2323 1706 1
2323 1272 1
2324 1586 10
2325 1586 10
2326 1586 10
2327 1586 10
2328 1586 10
2329 1586 10
2330 2316 1
2330 2331 1
2331 1274 1
2331 2317 1
2332 1586 10
2333 1586 10
2334 1586 10
2335 1586 10
2336 1586 10
2337 2318 1
2337 2338 1
2338 2319 1
2338 1274 1
2339 2340 1
2339 2320 1
2340 2321 1
2340 1274 1
2341 2342 1
2341 1587 1
2342 1588 1
2342 1274 1
2343 2344 1
2343 2322 1
2344 2323 1
2344 1274 1
2345 2312 1
2345 2346 1
2346 1274 1
2346 2313 1
2347 1180 10
2348 1180 10
2349 1180 10
2350 1180 10
2351 1180 10
2352 1180 10
2353 1180 10
2354 1180 10
2355 1180 10
2356 1180 10
2357 1180 10
95 1708 10
1058 1055 10
1055 96 10
96 1031 10
1031 1032 10
1032 1033 10
1033 1034 10
1034 1035 10
1035 1037 10
1037 1038 10
1038 1030 10
1030 1036 10
1036 2277 10
2277 1765 10
1765 2280 10
2280 2281 10
2281 2275 10
2275 2269 10
2269 2270 10
2270 2271 10
2271 2272 10
2272 2273 10
2273 2274 10
2274 2276 10
571 1954 10
595 599 10
599 602 10
602 603 10
603 597 10
597 600 10
600 596 10
596 593 10
593 594 10
594 578 10
578 598 10
598 601 10
601 1973 10
1973 1974 10
697 699 10
699 556 10
556 695 10
695 696 10
696 698 10
698 700 10
700 701 10
701 704 10
704 702 10
702 703 10
703 705 10
732 730 10
730 726 10
726 733 10
733 725 10
725 731 10
731 727 10
727 528 10
528 728 10
728 721 10
721 722 10
722 729 10
729 2082 10
2082 1935 10
914 302 10
302 915 10
915 916 10
916 912 10
912 917 10
917 913 10
913 918 10
918 920 10
920 934 10
934 923 10
923 919 10
919 2226 10
2226 2219 10
565 1948 10
1179 2347 10
2347 2348 10
2348 2349 10
2349 2350 10
2350 2351 10
2351 2352 10
2352 2353 10
2353 2354 10
2354 2355 10
2355 2356 10
2356 2357 10
1 1180 10
1162 1163 10
1163 1164 10
1164 1165 10
1165 1166 10
1166 1167 10
1167 2 10
2 1149 10
1149 1135 10
1135 1136 10
1136 1158 10
1158 1159 10
1159 2328 10
2328 1585 10
1585 2324 10
2324 2326 10
2326 2327 10
2327 2329 10
2329 2325 10
2325 2332 10
2332 2333 10
2333 2334 10
2334 2335 10
2335 2336 10
3 1586 10
1125 1127 10
1127 1128 10
1128 1121 10
1121 1131 10
1131 4 10
4 1096 10
1096 1097 10
1097 1103 10
1103 1104 10
1104 1126 10
1126 1124 10
1124 1647 10
1647 2310 10
2310 2303 10
2303 2304 10
2304 2305 10
2305 2306 10
2306 2307 10
2307 2308 10
2308 2309 10
2309 2311 10
2311 2314 10
2314 2315 10
5 1648 10
1091 1080 10
1080 1094 10
1094 1095 10
1095 94 10
94 1063 10
1063 1064 10
1064 1065 10
1065 1066 10
1066 1067 10
1067 1070 10
1070 1071 10
1071 2297 10
2297 2298 10
2298 2284 10
2284 1707 10
1707 2285 10
2285 2286 10
2286 2287 10
2287 2288 10
2288 2295 10
2295 2291 10
2291 2296 10
2296 2294 10
940 945 10
945 949 10
949 942 10
942 950 10
950 941 10
941 946 10
946 937 10
937 957 10
957 943 10
943 944 10
944 204 10
204 2231 10
2231 2240 10
2022 2024 10
2024 1947 10
1947 2014 10
2014 2015 10
2015 2016 10
2016 2017 10
2017 2018 10
2018 2019 10
2019 2020 10
2020 2023 10
2023 2021 10
720 708 10
708 554 10
554 709 10
709 710 10
710 714 10
714 719 10
719 713 10
713 715 10
715 716 10
716 717 10
717 718 10
578 594 10
594 595 10
595 596 10
596 597 10
597 598 10
598 599 10
599 602 10
602 600 10
600 601 10
601 603 10
603 593 10
556 695 10
695 696 10
696 697 10
697 698 10
698 700 10
700 701 10
701 702 10
702 703 10
703 705 10
705 699 10
699 704 10
2141 2137 10
2137 2147 10
2147 2142 10
2142 2138 10
2138 2144 10
2144 2148 10
2148 2149 10
2149 2143 10
2143 2139 10
481 1892 10
642 636 10
636 641 10
641 635 10
635 632 10
632 638 10
638 566 10
566 633 10
633 639 10
639 637 10
637 640 10
640 634 10
634 2008 10
2008 2012 10
1889 2169 10
2169 2173 10
2173 2171 10
2171 2164 10
2164 2163 10
2163 2172 10
2172 2165 10
2165 2174 10
2174 2175 10
399 1888 10
2159 2154 10
2154 1891 10
1891 2162 10
2162 2155 10
2155 2150 10
2150 2160 10
2160 2157 10
2157 2156 10
2156 2153 10
441 1890 10
2196 2192 10
2192 2201 10
2201 2197 10
2197 2194 10
2194 2195 10
2195 2198 10
2198 1885 10
1885 2189 10
2189 2199 10
351 1884 10
2186 2176 10
2176 2181 10
2181 1887 10
1887 2185 10
2185 2182 10
2182 2177 10
2177 2179 10
2179 2178 10
2178 2184 10
397 1886 10
1951 1992 10
1992 1993 10
1993 1995 10
1995 1996 10
1996 1997 10
1997 1998 10
1998 1999 10
1999 2001 10
2001 2002 10
2002 2000 10
2000 1994 10
649 564 10
564 650 10
650 647 10
647 643 10
643 648 10
648 651 10
651 653 10
653 654 10
654 655 10
655 652 10
652 646 10
646 2018 10
2018 2023 10
569 1952 10
581 1958 10
580 588 10
588 583 10
583 584 10
584 585 10
585 590 10
590 586 10
586 592 10
592 591 10
591 589 10
589 587 10
587 582 10
582 1965 10
1965 1957 10
613 604 10
604 614 10
614 615 10
615 616 10
616 611 10
611 608 10
608 570 10
570 610 10
610 612 10
612 609 10
609 607 10
607 1953 10
1953 1989 10
567 1950 10
627 626 10
626 620 10
620 568 10
568 623 10
623 621 10
621 619 10
619 624 10
624 625 10
625 622 10
622 628 10
628 629 10
629 1993 10
1993 1951 10
481 1892 10
0 1168 10
1168 1169 10
1169 1170 10
1170 1171 10
1171 1172 10
1172 1173 10
1173 1174 10
1174 1175 10
1175 1176 10
1176 1177 10
1177 1178 10
588 589 10
589 590 10
590 591 10
591 592 10
592 580 10
580 582 10
582 583 10
583 587 10
587 584 10
584 585 10
585 586 10
560 669 10
669 672 10
672 677 10
677 675 10
675 676 10
676 674 10
674 678 10
678 679 10
679 680 10
680 673 10
673 681 10
521 1896 10
527 1934 10
2086 2080 10
2080 2090 10
2090 2087 10
2087 2083 10
2083 2084 10
2084 2088 10
2088 2081 10
2081 2089 10
2089 2085 10
525 1932 10
2097 2092 10
2092 2100 10
2100 2099 10
2099 2094 10
2094 2101 10
2101 2096 10
2096 2091 10
2091 2098 10
2098 2093 10
523 1930 10
1931 2103 10
2103 2111 10
2111 2108 10
2108 2104 10
2104 2109 10
2109 2112 10
2112 2102 10
2102 2106 10
2106 2105 10
521 1896 10
2122 2120 10
2120 2117 10
2117 2113 10
2113 1929 10
1929 2121 10
2121 2118 10
2118 2115 10
2115 2119 10
2119 2123 10
519 1894 10
2127 2136 10
2136 2135 10
2135 2126 10
2126 2128 10
2128 2133 10
2133 2129 10
2129 2134 10
2134 2130 10
2130 2131 10
2088 1935 10
1935 2089 10
2089 2090 10
2090 2086 10
2086 2080 10
2080 2082 10
2082 2081 10
2081 2083 10
2083 2084 10
2084 2085 10
2085 2087 10
622 568 10
568 621 10
621 619 10
619 620 10
620 623 10
623 624 10
624 625 10
625 626 10
626 627 10
627 628 10
628 629 10
2101 2091 10
2091 2092 10
2092 2093 10
2093 2094 10
2094 2095 10
2095 2100 10
2100 2096 10
2096 2097 10
2097 1933 10
1933 2098 10
2098 2099 10
1931 2106 10
2106 2104 10
2104 2102 10
2102 2103 10
2103 2105 10
2105 2107 10
2107 2108 10
2108 2109 10
2109 2110 10
2110 2111 10
2111 2112 10
2122 2123 10
2123 2121 10
2121 2120 10
2120 2119 10
2119 2118 10
2118 2117 10
2117 2116 10
2116 2115 10
2115 2114 10
2114 2113 10
2113 1929 10
579 1956 10
581 1958 10
527 1934 10
564 643 10
643 646 10
646 647 10
647 648 10
648 653 10
653 649 10
649 650 10
650 651 10
651 652 10
652 655 10
655 654 10
799 800 10
800 803 10
803 810 10
810 518 10
518 796 10
796 801 10
801 797 10
797 805 10
805 802 10
802 798 10
798 804 10
804 2140 10
2140 1893 10
205 1880 10
732 733 10
733 528 10
528 721 10
721 731 10
731 722 10
722 730 10
730 725 10
725 726 10
726 727 10
727 728 10
728 729 10
303 1882 10
889 350 10
350 890 10
890 891 10
891 892 10
892 894 10
894 895 10
895 896 10
896 897 10
897 893 10
893 898 10
898 899 10
899 2214 10
2214 2211 10
2211 2212 10
2212 2213 10
2213 1883 10
1883 2202 10
2202 2209 10
2209 2205 10
2205 2206 10
2206 2207 10
2207 2208 10
2208 2210 10
99 1876 10
152 969 10
969 968 10
968 970 10
970 971 10
971 972 10
972 975 10
975 976 10
976 977 10
977 978 10
978 979 10
979 992 10
992 2252 10
2252 2248 10
2248 2250 10
2250 2251 10
2251 2249 10
2249 1877 10
1877 2241 10
2241 2244 10
2244 2245 10
2245 2246 10
2246 2247 10
2247 2253 10
97 1766 10
98 1013 10
1013 999 10
999 1001 10
1001 1002 10
1002 1003 10
1003 1004 10
1004 1005 10
1005 1006 10
1006 1007 10
1007 1010 10
1010 1000 10
1000 2264 10
2264 2261 10
2261 2262 10
2262 2263 10
2263 2265 10
2265 2266 10
2266 2254 10
2254 2255 10
2255 2256 10
2256 1875 10
1875 2257 10
2257 2258 10
205 1880 10
919 302 10
302 913 10
913 934 10
934 914 10
914 915 10
915 916 10
916 917 10
917 918 10
918 912 10
912 920 10
920 923 10
923 2224 10
2224 2225 10
2225 2226 10
2226 2222 10
2222 2227 10
2227 2223 10
2223 2215 10
2215 2216 10
2216 2217 10
2217 2218 10
2218 1881 10
1881 2219 10
153 1878 10
204 937 10
937 940 10
940 942 10
942 943 10
943 944 10
944 945 10
945 946 10
946 949 10
949 941 10
941 950 10
950 957 10
957 2234 10
2234 2236 10
2236 2237 10
2237 2240 10
2240 1879 10
1879 2228 10
2228 2229 10
2229 2230 10
2230 2235 10
2235 2232 10
2232 2233 10
2233 2231 10
555 1938 10
600 601 10
601 603 10
603 602 10
602 598 10
598 593 10
593 578 10
578 594 10
594 595 10
595 596 10
596 597 10
597 599 10
691 558 10
558 684 10
684 682 10
682 683 10
683 687 10
687 688 10
688 689 10
689 690 10
690 692 10
692 693 10
693 694 10
663 562 10
562 657 10
657 668 10
668 658 10
658 659 10
659 662 10
662 660 10
660 661 10
661 656 10
656 664 10
664 667 10
824 818 10
818 813 10
813 825 10
825 821 10
821 814 10
814 822 10
822 815 10
815 823 10
823 816 10
816 480 10
480 817 10
817 2158 10
2158 2161 10
441 1890 10
153 1878 10
2234 2230 10
2230 2235 10
2235 2237 10
2237 2236 10
2236 2228 10
2228 2233 10
2233 2229 10
2229 1879 10
1879 2232 10
205 1880 10
2227 2215 10
2215 2223 10
2223 2222 10
2222 2216 10
2216 2224 10
2224 2217 10
2217 1881 10
1881 2225 10
2225 2218 10
97 1766 10
2258 2263 10
2263 2257 10
2257 2264 10
2264 1875 10
1875 2261 10
2261 2262 10
2262 2256 10
2256 2254 10
2254 2255 10
99 1876 10
2245 2250 10
2250 2249 10
2249 2244 10
2244 2247 10
2247 1877 10
1877 2248 10
2248 2241 10
2241 2251 10
2251 2246 10
823 824 10
824 825 10
825 813 10
813 814 10
814 815 10
815 816 10
816 817 10
817 822 10
822 480 10
480 818 10
818 821 10
821 1891 10
1891 2150 10
2150 2153 10
2153 2156 10
2156 2154 10
2154 2155 10
2155 2157 10
2157 2159 10
2159 2158 10
2158 2162 10
2162 2160 10
2160 2161 10
441 1890 10
838 846 10
846 440 10
440 828 10
828 831 10
831 832 10
832 833 10
833 834 10
834 835 10
835 836 10
836 837 10
837 841 10
841 2165 10
2165 2163 10
2163 2164 10
2164 2168 10
2168 2169 10
2169 2170 10
2170 2171 10
2171 2172 10
2172 2173 10
2173 2174 10
2174 1889 10
1889 2175 10
399 1888 10
398 847 10
847 855 10
855 848 10
848 849 10
849 850 10
850 851 10
851 852 10
852 853 10
853 854 10
854 856 10
856 859 10
859 2178 10
2178 1887 10
1887 2186 10
2186 2176 10
2176 2177 10
2177 2179 10
2179 2180 10
2180 2181 10
2181 2184 10
2184 2182 10
2182 2183 10
2183 2185 10
397 1886 10
868 396 10
396 869 10
869 872 10
872 870 10
870 871 10
871 873 10
873 874 10
874 876 10
876 875 10
875 877 10
877 878 10
878 2200 10
2200 2201 10
2201 1885 10
1885 2189 10
2189 2193 10
2193 2198 10
2198 2192 10
2192 2195 10
2195 2194 10
2194 2196 10
2196 2197 10
2197 2199 10
351 1884 10
1966 1969 10
1969 1962 10
1962 1959 10
1959 1964 10
1964 1960 10
1960 1968 10
1968 1961 10
1961 1963 10
1963 1967 10
579 1956 10
153 1878 10
581 1958 10
99 1876 10
969 977 10
977 976 10
976 971 10
971 972 10
972 978 10
978 979 10
979 992 10
992 152 10
152 975 10
975 968 10
968 970 10
970 2253 10
2253 2252 10
97 1766 10
1007 1002 10
1002 1010 10
1010 1003 10
1003 98 10
98 1006 10
1006 1004 10
1004 1000 10
1000 999 10
999 1005 10
1005 1013 10
1013 1001 10
1001 2265 10
2265 2266 10
1959 1957 10
1957 1960 10
1960 1961 10
1961 1962 10
1962 1963 10
1963 1964 10
1964 1969 10
1969 1965 10
1965 1966 10
1966 1967 10
1967 1968 10
1955 1970 10
1970 1971 10
1971 1973 10
1973 1974 10
1974 1975 10
1975 1976 10
1976 1977 10
1977 1978 10
1978 1972 10
1972 1979 10
1979 1980 10
303 1882 10
896 895 10
895 892 10
892 897 10
897 350 10
350 890 10
890 893 10
893 891 10
891 898 10
898 889 10
889 899 10
899 894 10
894 2210 10
2210 2214 10
772 771 10
771 775 10
775 770 10
770 767 10
767 774 10
774 776 10
776 766 10
766 777 10
777 522 10
522 778 10
778 773 10
773 2116 10
2116 2114 10
662 656 10
656 667 10
667 562 10
562 663 10
663 657 10
657 668 10
668 658 10
658 659 10
659 660 10
660 661 10
661 664 10
5 1648 10
1707 2286 10
2286 2291 10
2291 2284 10
2284 2298 10
2298 2294 10
2294 2287 10
2287 2296 10
2296 2295 10
2295 2285 10
3 1586 10
2306 2310 10
2310 1647 10
1647 2304 10
2304 2305 10
2305 2307 10
2307 2314 10
2314 2308 10
2308 2311 10
2311 2315 10
1 1180 10
2334 2325 10
2325 2335 10
2335 2326 10
2326 1585 10
1585 2327 10
2327 2336 10
2336 2329 10
2329 2333 10
2333 2328 10
2348 2349 10
2349 2350 10
2350 2351 10
2351 2352 10
2352 2353 10
2353 2354 10
2354 2355 10
2355 2356 10
2356 2357 10
95 1708 10
2276 2269 10
2269 2274 10
2274 2277 10
2277 2270 10
2270 2273 10
2273 1765 10
1765 2272 10
2272 2280 10
2280 2275 10
519 1894 10
788 781 10
781 791 10
791 792 10
792 783 10
783 520 10
520 786 10
786 782 10
782 784 10
784 785 10
785 787 10
787 795 10
795 2127 10
2127 1895 10
1895 2126 10
2126 2128 10
2128 2129 10
2129 2130 10
2130 2136 10
2136 2131 10
2131 2132 10
2132 2133 10
2133 2134 10
2134 2135 10
521 1896 10
773 774 10
774 777 10
777 778 10
778 775 10
775 522 10
522 766 10
766 767 10
767 776 10
776 771 10
771 770 10
770 772 10
772 2117 10
2117 2113 10
2113 1929 10
1929 2114 10
2114 2115 10
2115 2116 10
2116 2118 10
2118 2119 10
2119 2120 10
2120 2121 10
2121 2123 10
2123 2122 10
523 1930 10
763 760 10
760 756 10
756 764 10
764 765 10
765 524 10
524 759 10
759 752 10
752 757 10
757 753 10
753 751 10
751 758 10
758 1931 10
1931 2106 10
2106 2104 10
2104 2102 10
2102 2103 10
2103 2105 10
2105 2107 10
2107 2108 10
2108 2109 10
2109 2110 10
2110 2111 10
2111 2112 10
525 1932 10
745 747 10
747 743 10
743 750 10
750 526 10
526 736 10
736 737 10
737 738 10
738 744 10
744 739 10
739 740 10
740 746 10
746 2101 10
2101 2091 10
2091 2092 10
2092 2093 10
2093 2094 10
2094 2095 10
2095 2100 10
2100 2096 10
2096 2097 10
2097 1933 10
1933 2098 10
2098 2099 10
527 1934 10
732 733 10
733 528 10
528 721 10
721 722 10
722 730 10
730 725 10
725 726 10
726 727 10
727 728 10
728 729 10
729 731 10
731 2088 10
2088 1935 10
1935 2089 10
2089 2090 10
2090 2086 10
2086 2080 10
2080 2082 10
2082 2081 10
2081 2083 10
2083 2084 10
2084 2085 10
2085 2087 10
624 625 10
625 626 10
626 568 10
568 628 10
628 629 10
629 627 10
627 621 10
621 619 10
619 620 10
620 622 10
622 623 10
637 638 10
638 639 10
639 640 10
640 641 10
641 642 10
642 632 10
632 633 10
633 634 10
634 566 10
566 635 10
635 636 10
651 652 10
652 655 10
655 653 10
653 654 10
654 564 10
564 646 10
646 647 10
647 648 10
648 643 10
643 649 10
649 650 10
2041 2042 10
2042 2045 10
2045 2046 10
2046 2043 10
2043 1943 10
1943 2036 10
2036 2037 10
2037 2038 10
2038 2039 10
2039 2044 10
2044 2040 10
2053 2054 10
2054 2055 10
2055 2056 10
2056 2049 10
2049 1941 10
1941 2047 10
2047 2048 10
2048 2051 10
2051 2050 10
2050 2052 10
2052 2057 10
2063 2062 10
2062 2064 10
2064 2065 10
2065 2068 10
2068 2066 10
2066 2067 10
2067 1939 10
1939 2059 10
2059 2058 10
2058 2060 10
2060 2061 10
732 733 10
733 528 10
528 721 10
721 722 10
722 730 10
730 725 10
725 726 10
726 727 10
727 728 10
728 729 10
729 731 10
745 747 10
747 743 10
743 750 10
750 526 10
526 736 10
736 737 10
737 738 10
738 744 10
744 739 10
739 740 10
740 746 10
763 760 10
760 756 10
756 764 10
764 765 10
765 524 10
524 759 10
759 752 10
752 757 10
757 753 10
753 751 10
751 758 10
2033 2034 10
2034 2035 10
2035 1945 10
1945 2032 10
2032 2025 10
2025 2026 10
2026 2027 10
2027 2028 10
2028 2030 10
2030 2029 10
2029 2031 10
609 610 10
610 611 10
611 604 10
604 613 10
613 614 10
614 616 10
616 615 10
615 570 10
570 607 10
607 608 10
608 612 10
0 1168 10
1168 1169 10
1169 1170 10
1170 1171 10
1171 1172 10
1172 1173 10
1173 1174 10
1174 1175 10
1175 1176 10
1176 1177 10
1177 1178 10
1991 1953 10
1953 1981 10
1981 1982 10
1982 1983 10
1983 1984 10
1984 1987 10
1987 1985 10
1985 1986 10
1986 1988 10
1988 1989 10
1989 1990 10
718 720 10
720 554 10
554 709 10
709 710 10
710 719 10
719 713 10
713 715 10
715 708 10
708 716 10
716 717 10
717 714 10
691 558 10
558 684 10
684 682 10
682 683 10
683 687 10
687 688 10
688 689 10
689 690 10
690 692 10
692 693 10
693 694 10
694 2053 10
2053 2054 10
2054 2055 10
2055 2056 10
2056 2049 10
2049 1941 10
1941 2047 10
2047 2048 10
2048 2051 10
2051 2050 10
2050 2052 10
2052 2057 10
557 1940 10
560 669 10
669 672 10
672 677 10
677 675 10
675 676 10
676 674 10
674 678 10
678 679 10
679 680 10
680 673 10
673 681 10
681 2041 10
2041 2042 10
2042 2045 10
2045 2046 10
2046 2043 10
2043 1943 10
1943 2036 10
2036 2037 10
2037 2038 10
2038 2039 10
2039 2044 10
2044 2040 10
559 1942 10
720 708 10
708 554 10
554 709 10
709 710 10
710 714 10
714 719 10
719 713 10
713 715 10
715 716 10
716 717 10
717 718 10
718 2076 10
2076 2077 10
2077 1937 10
1937 2079 10
2079 2072 10
2072 2078 10
2078 2069 10
2069 2071 10
2071 2074 10
2074 2073 10
2073 2070 10
2070 2075 10
529 1936 10
697 699 10
699 556 10
556 695 10
695 696 10
696 698 10
698 700 10
700 701 10
701 704 10
704 702 10
702 703 10
703 705 10
705 2063 10
2063 2062 10
2062 2064 10
2064 2065 10
2065 2068 10
2068 2066 10
2066 2067 10
2067 1939 10
1939 2059 10
2059 2058 10
2058 2060 10
2060 2061 10
555 1938 10
850 849 10
849 848 10
848 856 10
856 851 10
851 853 10
853 398 10
398 852 10
852 859 10
859 847 10
847 854 10
854 855 10
855 2183 10
2183 2180 10
397 1886 10
396 878 10
878 868 10
868 873 10
873 869 10
869 872 10
872 877 10
877 874 10
874 875 10
875 870 10
870 871 10
871 876 10
876 2193 10
2193 2200 10
351 1884 10
663 562 10
562 657 10
657 668 10
668 658 10
658 659 10
659 662 10
662 660 10
660 661 10
661 656 10
656 664 10
664 667 10
667 2033 10
2033 2034 10
2034 2035 10
2035 1945 10
1945 2032 10
2032 2025 10
2025 2026 10
2026 2027 10
2027 2028 10
2028 2030 10
2030 2029 10
2029 2031 10
561 1944 10
841 834 10
834 832 10
832 835 10
835 836 10
836 440 10
440 833 10
833 837 10
837 828 10
828 846 10
846 831 10
831 838 10
838 2168 10
2168 2170 10
399 1888 10
2038 1943 10
1943 2041 10
2041 2039 10
2039 2042 10
2042 2040 10
2040 2045 10
2045 2037 10
2037 2043 10
2043 2046 10
559 1942 10
2050 2049 10
2049 2054 10
2054 1941 10
1941 2052 10
2052 2048 10
2048 2053 10
2053 2051 10
2051 2047 10
2047 2055 10
557 1940 10
2058 2068 10
2068 2065 10
2065 2063 10
2063 2062 10
2062 2064 10
2064 1939 10
1939 2059 10
2059 2066 10
2066 2060 10
555 1938 10
1937 2075 10
2075 2074 10
2074 2076 10
2076 2069 10
2069 2078 10
2078 2070 10
2070 2077 10
2077 2071 10
2071 2079 10
529 1936 10
2028 2035 10
2035 2034 10
2034 2029 10
2029 2030 10
2030 2025 10
2025 2032 10
2032 2027 10
2027 2033 10
2033 2026 10
561 1944 10
563 1946 10
2076 2077 10
2077 1937 10
1937 2079 10
2079 2072 10
2072 2078 10
2078 2069 10
2069 2071 10
2071 2074 10
2074 2073 10
2073 2070 10
2070 2075 10
569 1952 10
616 570 10
570 607 10
607 608 10
608 609 10
609 610 10
610 615 10
615 611 10
611 614 10
614 612 10
612 604 10
604 613 10
613 1991 10
1991 1953 10
1953 1981 10
1981 1982 10
1982 1983 10
1983 1984 10
1984 1987 10
1987 1985 10
1985 1986 10
1986 1988 10
1988 1989 10
1989 1990 10
567 1950 10
622 568 10
568 621 10
621 619 10
619 620 10
620 623 10
623 624 10
624 625 10
625 626 10
626 627 10
627 628 10
628 629 10
629 1951 10
1951 1992 10
1992 1993 10
1993 1995 10
1995 1996 10
1996 1997 10
1997 1998 10
1998 1999 10
1999 2001 10
2001 2002 10
2002 2000 10
2000 1994 10
565 1948 10
640 566 10
566 632 10
632 633 10
633 634 10
634 635 10
635 636 10
636 637 10
637 638 10
638 639 10
639 641 10
641 642 10
642 2013 10
2013 1949 10
1949 2003 10
2003 2004 10
2004 2005 10
2005 2006 10
2006 2007 10
2007 2008 10
2008 2009 10
2009 2010 10
2010 2011 10
2011 2012 10
563 1946 10
564 643 10
643 646 10
646 647 10
647 648 10
648 653 10
653 649 10
649 650 10
650 651 10
651 652 10
652 655 10
655 654 10
654 2022 10
2022 2024 10
2024 1947 10
1947 2014 10
2014 2015 10
2015 2016 10
2016 2017 10
2017 2018 10
2018 2019 10
2019 2020 10
2020 2023 10
2023 2021 10
523 1930 10
757 760 10
760 753 10
753 758 10
758 751 10
751 756 10
756 763 10
763 764 10
764 524 10
524 752 10
752 765 10
765 759 10
759 2110 10
2110 2107 10
525 1932 10
747 750 10
750 743 10
743 526 10
526 740 10
740 744 10
744 736 10
736 745 10
745 738 10
738 737 10
737 739 10
739 746 10
746 2095 10
2095 1933 10
519 1894 10
792 795 10
795 785 10
785 520 10
520 787 10
787 782 10
782 786 10
786 781 10
781 788 10
788 783 10
783 791 10
791 784 10
784 1895 10
1895 2132 10
571 1954 10
600 601 10
601 603 10
603 602 10
602 598 10
598 593 10
593 578 10
578 594 10
594 595 10
595 596 10
596 597 10
597 599 10
599 1955 10
1955 1970 10
1970 1971 10
1971 1973 10
1973 1974 10
1974 1975 10
1975 1976 10
1976 1977 10
1977 1978 10
1978 1972 10
1972 1979 10
1979 1980 10
664 667 10
667 658 10
658 660 10
660 562 10
562 668 10
668 662 10
662 656 10
656 661 10
661 657 10
657 659 10
659 663 10
663 2031 10
2031 1945 10
561 1944 10
616 570 10
570 607 10
607 608 10
608 609 10
609 610 10
610 615 10
615 611 10
611 614 10
614 612 10
612 604 10
604 613 10
803 804 10
804 805 10
805 796 10
796 810 10
810 518 10
518 797 10
797 798 10
798 799 10
799 800 10
800 801 10
801 802 10
802 2143 10
2143 1893 10
1893 2138 10
2138 2149 10
2149 2139 10
2139 2140 10
2140 2141 10
2141 2142 10
2142 2137 10
2137 2144 10
2144 2147 10
2147 2148 10
640 566 10
566 632 10
632 633 10
633 634 10
634 635 10
635 636 10
636 637 10
637 638 10
638 639 10
639 641 10
641 642 10
718 713 10
713 717 10
717 714 10
714 720 10
720 708 10
708 715 10
715 709 10
709 554 10
554 716 10
716 710 10
710 719 10
719 2072 10
2072 2073 10
529 1936 10
696 705 10
705 698 10
698 701 10
701 704 10
704 699 10
699 697 10
697 700 10
700 556 10
556 702 10
702 695 10
695 703 10
703 2067 10
2067 2061 10
481 1892 10
692 690 10
690 683 10
683 688 10
688 691 10
691 684 10
684 687 10
687 693 10
693 558 10
558 694 10
694 689 10
689 682 10
682 2056 10
2056 2057 10
557 1940 10
672 679 10
679 673 10
673 681 10
681 675 10
675 680 10
680 676 10
676 674 10
674 669 10
669 560 10
560 677 10
677 678 10
678 2044 10
2044 2036 10
559 1942 10
694 558 10
558 682 10
682 683 10
683 684 10
684 687 10
687 688 10
688 689 10
689 690 10
690 691 10
691 692 10
692 693 10
95 1708 10
1058 1034 10
1034 96 10
96 1035 10
1035 1055 10
1055 1030 10
1030 1036 10
1036 1031 10
1031 1038 10
1038 1037 10
1037 1032 10
1032 1033 10
1033 2281 10
2281 2271 10
753 757 10
757 752 10
752 751 10
751 524 10
524 765 10
765 764 10
764 756 10
756 760 10
760 759 10
759 763 10
763 758 10
3 1586 10
1125 1131 10
1131 1097 10
1097 1127 10
1127 1124 10
1124 4 10
4 1103 10
1103 1128 10
1128 1096 10
1096 1104 10
1104 1126 10
1126 1121 10
1121 2303 10
2303 2309 10
5 1648 10
1063 1091 10
1091 1064 10
1064 94 10
94 1080 10
1080 1070 10
1070 1094 10
1094 1066 10
1066 1095 10
1095 1071 10
1071 1067 10
1067 1065 10
1065 2288 10
2288 2297 10
673 560 10
560 669 10
669 672 10
672 675 10
675 676 10
676 674 10
674 678 10
678 679 10
679 681 10
681 680 10
680 677 10
1136 1135 10
1135 1149 10
1149 2 10
2 1167 10
1167 1166 10
1166 1165 10
1165 1164 10
1164 1163 10
1163 1162 10
1162 1158 10
1158 1159 10
1159 2332 10
2332 2324 10
2013 1949 10
1949 2003 10
2003 2004 10
2004 2005 10
2005 2006 10
2006 2007 10
2007 2008 10
2008 2009 10
2009 2010 10
2010 2011 10
2011 2012 10
745 747 10
747 743 10
743 750 10
750 526 10
526 736 10
736 737 10
737 738 10
738 744 10
744 739 10
739 740 10
740 746 10
303 1882 10
588 589 10
589 590 10
590 591 10
591 592 10
592 580 10
580 582 10
582 583 10
583 587 10
587 584 10
584 585 10
585 586 10
586 1959 10
1959 1957 10
1957 1960 10
1960 1961 10
1961 1962 10
1962 1963 10
1963 1964 10
1964 1969 10
1969 1965 10
1965 1966 10
1966 1967 10
1967 1968 10
579 1956 10
580 582 10
582 583 10
583 585 10
585 587 10
587 588 10
588 590 10
590 586 10
586 591 10
591 592 10
592 589 10
589 584 10
2205 2213 10
2213 2206 10
2206 1883 10
1883 2207 10
2207 2208 10
2208 2202 10
2202 2211 10
2211 2209 10
2209 2212 10
571 1954 10
1980 1978 10
1978 1955 10
1955 1975 10
1975 1972 10
1972 1970 10
1970 1976 10
1976 1979 10
1979 1971 10
1971 1977 10
563 1946 10
2019 1947 10
1947 2016 10
2016 2021 10
2021 2024 10
2024 2022 10
2022 2014 10
2014 2017 10
2017 2015 10
2015 2020 10
565 1948 10
2006 2009 10
2009 1949 10
1949 2003 10
2003 2010 10
2010 2011 10
2011 2007 10
2007 2004 10
2004 2013 10
2013 2005 10
567 1950 10
1999 1997 10
1997 1995 10
1995 2001 10
2001 1996 10
1996 1992 10
1992 2002 10
2002 1998 10
1998 1994 10
1994 2000 10
569 1952 10
1991 1988 10
1988 1990 10
1990 1981 10
1981 1987 10
1987 1984 10
1984 1983 10
1983 1985 10
1985 1986 10
1986 1982 10
