0 1
1 2
1 139
1 141
1 142
1 143
1 145
1 146
1 148
1 150
1 151
1 152
1 153
1 155
1 157
1 158
1 160
1 162
1 163
1 164
1 166
1 167
1 168
1 170
1 172
2 3
3 4
3 104
3 105
3 106
3 108
3 109
3 111
3 113
3 114
3 115
3 116
3 117
3 119
3 121
3 123
3 125
3 126
3 127
3 129
3 131
3 132
3 133
3 135
3 137
4 5
5 6
5 12
5 18
5 73
5 74
5 76
5 77
5 79
5 81
5 83
5 85
5 86
5 87
5 88
5 90
5 91
5 92
5 94
5 96
5 97
5 98
5 100
5 101
5 103
6 7
6 11
7 8
7 10
8 9
10 9
11 10
12 13
12 17
13 14
13 16
14 15
16 15
17 16
18 19
19 20
19 42
19 7
19 13
19 44
19 45
19 46
19 47
19 49
19 50
19 52
19 53
19 54
19 56
19 57
19 58
19 60
19 61
19 63
19 65
19 67
19 69
19 70
19 71
20 21
21 22
21 24
21 26
21 28
21 30
21 32
21 8
21 34
21 36
21 14
21 38
21 40
22 23
24 25
26 27
28 29
30 31
32 33
34 35
36 37
38 39
40 41
42 43
42 30
43 31
44 21
45 21
46 21
47 36
47 48
48 37
49 21
50 34
50 51
51 35
52 21
53 21
54 26
54 55
55 27
56 21
57 21
58 40
58 59
59 41
60 21
61 38
61 62
62 39
63 22
63 64
64 23
65 32
65 66
66 33
67 28
67 68
68 29
69 21
70 21
71 24
71 72
72 25
73 19
74 58
74 75
75 59
76 19
77 50
77 78
78 51
79 47
79 80
80 48
81 65
81 82
82 66
83 54
83 84
84 55
85 19
86 19
87 19
88 61
88 89
89 62
90 19
91 19
92 67
92 93
93 68
94 63
94 95
95 64
96 19
97 19
98 71
98 99
99 72
100 19
101 102
101 42
102 43
103 19
104 5
105 5
106 77
106 107
107 78
108 5
109 101
109 110
110 102
111 83
111 112
112 84
113 5
114 5
115 5
116 5
117 88
117 118
118 89
119 79
119 120
120 80
121 94
121 122
122 95
123 92
123 124
124 93
125 5
126 5
127 98
127 128
128 99
129 74
129 130
130 75
131 5
132 5
133 6
133 134
134 11
135 12
135 136
136 17
137 81
137 138
138 82
139 121
139 140
140 122
141 3
142 3
143 144
143 106
144 107
145 3
146 119
146 147
147 120
148 111
148 149
149 112
150 3
151 3
152 3
153 117
153 154
154 118
155 129
155 156
156 130
157 3
158 123
158 159
159 124
160 137
160 161
161 138
162 3
163 3
164 127
164 165
165 128
166 3
167 3
168 133
168 169
169 134
170 135
170 171
171 136
172 109
172 173
173 110
174 1
175 1
176 1
177 1
178 1
179 1
180 1
181 1
182 1
183 1
184 1
185 186
185 1
186 187
186 3
187 188
187 5
188 189
188 19
189 21
