0 1 1
1 2 1
2 3 1
2 1096 1
3 4 1
3 1094 1
4 5 1
4 1092 1
5 6 1
5 1090 1
6 7 1
6 1088 1
7 8 1
7 1086 1
8 9 1
8 1084 1
9 10 1
9 1082 1
10 11 1
10 1080 1
11 12 1
11 1078 1
12 13 1
12 1076 1
13 14 1
13 1074 1
14 15 1
14 1072 1
15 16 1
15 1070 1
16 17 1
16 1068 1
17 18 1
17 1066 1
18 19 1
18 1064 1
19 20 1
19 1062 1
20 21 1
20 1060 1
21 22 1
21 1058 1
22 23 1
22 1056 1
23 24 1
23 1054 1
24 25 1
24 1052 1
25 26 1
25 1050 1
26 27 1
26 710 1
27 28 1
27 30 1
28 29 1
30 31 1
30 709 1
31 32 1
31 33 1
32 29 1
33 34 1
33 708 1
34 35 1
34 36 1
35 29 1
36 37 1
36 707 1
37 38 1
37 39 1
38 29 1
39 40 1
39 706 1
40 41 1
40 42 1
41 29 1
42 43 1
42 705 1
43 44 1
43 45 1
44 29 1
45 46 1
45 704 1
46 47 1
46 48 1
47 29 1
48 49 1
48 703 1
49 50 1
49 51 1
50 29 1
51 52 1
51 702 1
52 53 1
52 701 1
53 54 1
53 700 1
54 55 1
54 699 1
55 56 1
55 698 1
56 57 1
56 697 1
57 58 1
57 696 1
58 59 1
58 695 1
59 60 1
59 694 1
60 61 1
60 693 1
61 62 1
61 692 1
62 63 1
62 691 1
63 64 1
63 690 1
64 65 1
64 689 1
65 66 1
65 688 1
66 67 1
66 687 1
67 68 1
67 686 1
68 69 1
68 685 1
69 70 1
69 684 1
70 71 1
70 683 1
71 72 1
71 682 1
72 73 1
72 681 1
73 74 1
73 680 1
74 75 1
74 679 1
75 76 1
75 678 1
76 77 1
76 677 1
77 78 1
77 676 1
78 79 1
78 675 1
79 80 1
79 674 1
80 81 1
80 673 1
81 82 1
81 672 1
82 83 1
82 671 1
83 84 1
83 85 1
84 29 1
85 86 1
85 670 1
86 87 1
86 88 1
87 29 1
88 89 1
88 669 1
89 90 1
89 91 1
90 29 1
91 92 1
91 668 1
92 93 1
92 94 1
93 29 1
94 95 1
94 667 1
95 96 1
95 97 1
96 29 1
97 98 1
97 666 1
98 99 1
98 100 1
99 29 1
100 101 1
100 665 1
101 102 1
101 103 1
102 29 1
103 104 1
103 664 1
104 105 1
104 106 1
105 29 1
106 107 1
106 663 1
107 108 1
107 109 1
108 29 1
109 110 1
109 662 1
110 111 1
110 112 1
111 29 1
112 113 1
112 661 1
113 114 1
113 115 1
114 29 1
115 116 1
115 660 1
116 117 1
116 118 1
117 29 1
118 119 1
118 659 1
119 120 1
119 121 1
120 29 1
121 122 1
121 658 1
122 123 1
122 124 1
123 29 1
124 125 1
124 657 1
125 126 1
125 656 1
126 127 1
126 655 1
127 128 1
127 654 1
128 129 1
128 653 1
129 130 1
129 652 1
130 131 1
130 651 1
131 132 1
131 650 1
132 133 1
132 649 1
133 134 1
133 135 1
134 29 1
135 136 1
135 648 1
136 137 1
136 138 1
137 29 1
138 139 1
138 647 1
139 140 1
139 141 1
140 29 1
141 142 1
141 646 1
142 143 1
142 144 1
143 29 1
144 145 1
144 645 1
145 146 1
145 147 1
146 29 1
147 148 1
147 644 1
148 149 1
148 150 1
149 29 1
150 151 1
150 643 1
151 152 1
151 153 1
152 29 1
153 154 1
153 642 1
154 155 1
154 156 1
155 29 1
156 157 1
156 641 1
157 158 1
157 159 1
158 29 1
159 160 1
159 640 1
160 161 1
160 162 1
161 29 1
162 163 1
162 639 1
163 164 1
163 165 1
164 29 1
165 166 1
165 638 1
166 167 1
166 637 1
167 168 1
167 636 1
168 169 1
168 635 1
169 170 1
169 634 1
170 171 1
170 633 1
171 172 1
171 632 1
172 173 1
172 631 1
173 174 1
173 630 1
174 175 1
174 629 1
175 176 1
175 628 1
176 177 1
176 627 1
177 178 1
177 626 1
178 179 1
178 625 1
179 180 1
179 624 1
180 181 1
180 623 1
181 182 1
181 622 1
182 183 1
182 621 1
183 184 1
183 620 1
184 185 1
184 619 1
185 186 1
185 618 1
186 187 1
186 617 1
187 188 1
187 616 1
188 189 1
188 615 1
189 190 1
189 614 1
190 191 1
190 613 1
191 192 1
191 612 1
192 193 1
192 611 1
193 194 1
193 610 1
194 195 1
194 609 1
195 196 1
195 608 1
196 197 1
196 607 1
197 198 1
197 606 1
198 199 1
198 605 1
199 200 1
199 604 1
200 201 1
200 603 1
201 202 1
201 602 1
202 203 1
202 601 1
203 204 1
203 600 1
204 205 1
204 599 1
205 206 1
205 598 1
206 207 1
206 597 1
207 208 1
207 209 1
208 29 1
209 210 1
209 596 1
210 211 1
210 212 1
211 29 1
212 213 1
212 595 1
213 214 1
213 215 1
214 29 1
215 216 1
215 594 1
216 217 1
216 218 1
217 29 1
218 219 1
218 593 1
219 220 1
219 221 1
220 29 1
221 222 1
221 592 1
222 223 1
222 224 1
223 29 1
224 225 1
224 591 1
225 226 1
225 227 1
226 29 1
227 228 1
227 590 1
228 229 1
228 230 1
229 29 1
230 231 1
230 589 1
231 232 1
231 233 1
232 29 1
233 234 1
233 588 1
234 235 1
234 236 1
235 29 1
236 237 1
236 587 1
237 238 1
237 239 1
238 29 1
239 240 1
239 586 1
240 241 1
240 585 1
241 242 1
241 584 1
242 243 1
242 583 1
243 244 1
243 582 1
244 245 1
244 581 1
245 246 1
245 580 1
246 247 1
246 579 1
247 248 1
247 578 1
248 249 1
248 577 1
249 250 1
249 576 1
250 251 1
250 575 1
251 252 1
251 574 1
252 253 1
252 573 1
253 254 1
253 572 1
254 255 1
254 571 1
255 256 1
255 570 1
256 257 1
256 569 1
257 258 1
257 568 1
258 259 1
258 567 1
259 260 1
259 566 1
260 261 1
260 565 1
261 262 1
261 564 1
262 263 1
262 563 1
263 264 1
263 562 1
264 265 1
264 561 1
265 266 1
265 560 1
266 267 1
266 559 1
267 268 1
267 558 1
268 269 1
268 557 1
269 270 1
269 556 1
270 271 1
270 555 1
271 272 1
271 554 1
272 273 1
272 553 1
273 274 1
273 552 1
274 275 1
274 551 1
275 276 1
275 550 1
276 277 1
276 549 1
277 278 1
277 548 1
278 279 1
278 547 1
279 280 1
279 546 1
280 281 1
280 545 1
281 282 1
281 283 1
282 29 1
283 284 1
283 544 1
284 285 1
284 286 1
285 29 1
286 287 1
286 543 1
287 288 1
287 289 1
288 29 1
289 290 1
289 542 1
290 291 1
290 292 1
291 29 1
292 293 1
292 541 1
293 294 1
293 295 1
294 29 1
295 296 1
295 540 1
296 297 1
296 298 1
297 29 1
298 299 1
298 539 1
299 300 1
299 301 1
300 29 1
301 302 1
301 538 1
302 303 1
302 304 1
303 29 1
304 305 1
304 537 1
305 306 1
305 307 1
306 29 1
307 308 1
307 536 1
308 309 1
308 310 1
309 29 1
310 311 1
310 535 1
311 312 1
311 313 1
312 29 1
313 314 1
313 534 1
314 315 1
314 533 1
315 316 1
315 532 1
316 317 1
316 531 1
317 318 1
317 530 1
318 319 1
318 529 1
319 320 1
319 528 1
320 321 1
320 527 1
321 322 1
321 526 1
322 323 1
322 525 1
323 324 1
323 524 1
324 325 1
324 523 1
325 326 1
325 522 1
326 327 1
326 521 1
327 328 1
327 520 1
328 329 1
328 519 1
329 330 1
329 518 1
330 331 1
330 517 1
331 332 1
331 516 1
332 333 1
332 515 1
333 334 1
333 514 1
334 335 1
334 513 1
335 336 1
335 512 1
336 337 1
336 511 1
337 338 1
337 510 1
338 339 1
338 509 1
339 340 1
339 508 1
340 341 1
340 507 1
341 342 1
341 506 1
342 343 1
342 505 1
343 344 1
343 504 1
344 345 1
344 503 1
345 346 1
345 502 1
346 347 1
346 501 1
347 348 1
347 500 1
348 349 1
348 499 1
349 350 1
349 498 1
350 351 1
350 497 1
351 352 1
351 496 1
352 353 1
352 495 1
353 354 1
353 494 1
354 355 1
354 493 1
355 356 1
355 357 1
356 29 1
357 358 1
357 492 1
358 359 1
358 360 1
359 29 1
360 361 1
360 491 1
361 362 1
361 363 1
362 29 1
363 364 1
363 490 1
364 365 1
364 366 1
365 29 1
366 367 1
366 489 1
367 368 1
367 369 1
368 29 1
369 370 1
369 488 1
370 371 1
370 372 1
371 29 1
372 373 1
372 487 1
373 374 1
373 375 1
374 29 1
375 376 1
375 486 1
376 377 1
376 378 1
377 29 1
378 379 1
378 485 1
379 380 1
379 381 1
380 29 1
381 382 1
381 484 1
382 383 1
382 384 1
383 29 1
384 385 1
384 483 1
385 386 1
385 387 1
386 29 1
387 388 1
387 482 1
388 389 1
388 481 1
389 390 1
389 480 1
390 391 1
390 479 1
391 392 1
391 478 1
392 393 1
392 477 1
393 394 1
393 476 1
394 395 1
394 475 1
395 396 1
395 474 1
396 397 1
396 473 1
397 398 1
397 472 1
398 399 1
398 471 1
399 400 1
399 470 1
400 401 1
400 469 1
401 402 1
401 468 1
402 403 1
402 467 1
403 404 1
403 466 1
404 405 1
404 465 1
405 406 1
405 464 1
406 407 1
406 463 1
407 408 1
407 462 1
408 409 1
408 461 1
409 410 1
409 460 1
410 411 1
410 459 1
411 412 1
411 458 1
412 413 1
412 457 1
413 414 1
413 456 1
414 415 1
414 455 1
415 416 1
415 454 1
416 417 1
416 453 1
417 418 1
417 452 1
418 419 1
418 451 1
419 420 1
419 450 1
420 421 1
420 449 1
421 422 1
421 448 1
422 423 1
422 447 1
423 424 1
423 446 1
424 425 1
424 445 1
425 426 1
425 444 1
426 427 1
426 443 1
427 428 1
427 442 1
428 429 1
428 441 1
429 430 1
429 431 1
430 29 1
431 432 1
431 440 1
432 433 1
432 434 1
433 29 1
434 435 1
434 439 1
435 436 1
435 437 1
436 29 1
437 438 1
438 29 1
439 29 1
440 29 1
441 29 1
442 29 1
443 29 1
444 29 1
445 29 1
446 29 1
447 29 1
448 29 1
449 29 1
450 29 1
451 29 1
452 29 1
453 29 1
454 29 1
455 29 1
456 29 1
457 29 1
458 29 1
459 29 1
460 29 1
461 29 1
462 29 1
463 29 1
464 29 1
465 29 1
466 29 1
467 29 1
468 29 1
469 29 1
470 29 1
471 29 1
472 29 1
473 29 1
474 29 1
475 29 1
476 29 1
477 29 1
478 29 1
479 29 1
480 29 1
481 29 1
482 29 1
483 29 1
484 29 1
485 29 1
486 29 1
487 29 1
488 29 1
489 29 1
490 29 1
491 29 1
492 29 1
493 29 1
494 29 1
495 29 1
496 29 1
497 29 1
498 29 1
499 29 1
500 29 1
501 29 1
502 29 1
503 29 1
504 29 1
505 29 1
506 29 1
507 29 1
508 29 1
509 29 1
510 29 1
511 29 1
512 29 1
513 29 1
514 29 1
515 29 1
516 29 1
517 29 1
518 29 1
519 29 1
520 29 1
521 29 1
522 29 1
523 29 1
524 29 1
525 29 1
526 29 1
527 29 1
528 29 1
529 29 1
530 29 1
531 29 1
532 29 1
533 29 1
534 29 1
535 29 1
536 29 1
537 29 1
538 29 1
539 29 1
540 29 1
541 29 1
542 29 1
543 29 1
544 29 1
545 29 1
546 29 1
547 29 1
548 29 1
549 29 1
550 29 1
551 29 1
552 29 1
553 29 1
554 29 1
555 29 1
556 29 1
557 29 1
558 29 1
559 29 1
560 29 1
561 29 1
562 29 1
563 29 1
564 29 1
565 29 1
566 29 1
567 29 1
568 29 1
569 29 1
570 29 1
571 29 1
572 29 1
573 29 1
574 29 1
575 29 1
576 29 1
577 29 1
578 29 1
579 29 1
580 29 1
581 29 1
582 29 1
583 29 1
584 29 1
585 29 1
586 29 1
587 29 1
588 29 1
589 29 1
590 29 1
591 29 1
592 29 1
593 29 1
594 29 1
595 29 1
596 29 1
597 29 1
598 29 1
599 29 1
600 29 1
601 29 1
602 29 1
603 29 1
604 29 1
605 29 1
606 29 1
607 29 1
608 29 1
609 29 1
610 29 1
611 29 1
612 29 1
613 29 1
614 29 1
615 29 1
616 29 1
617 29 1
618 29 1
619 29 1
620 29 1
621 29 1
622 29 1
623 29 1
624 29 1
625 29 1
626 29 1
627 29 1
628 29 1
629 29 1
630 29 1
631 29 1
632 29 1
633 29 1
634 29 1
635 29 1
636 29 1
637 29 1
638 29 1
639 29 1
640 29 1
641 29 1
642 29 1
643 29 1
644 29 1
645 29 1
646 29 1
647 29 1
648 29 1
649 29 1
650 29 1
651 29 1
652 29 1
653 29 1
654 29 1
655 29 1
656 29 1
657 29 1
658 29 1
659 29 1
660 29 1
661 29 1
662 29 1
663 29 1
664 29 1
665 29 1
666 29 1
667 29 1
668 29 1
669 29 1
670 29 1
671 29 1
672 29 1
673 29 1
674 29 1
675 29 1
676 29 1
677 29 1
678 29 1
679 29 1
680 29 1
681 29 1
682 29 1
683 29 1
684 29 1
685 29 1
686 29 1
687 29 1
688 29 1
689 29 1
690 29 1
691 29 1
692 29 1
693 29 1
694 29 1
695 29 1
696 29 1
697 29 1
698 29 1
699 29 1
700 29 1
701 29 1
702 29 1
703 29 1
704 29 1
705 29 1
706 29 1
707 29 1
708 29 1
709 29 1
710 711 1
710 30 1
711 31 1
711 712 1
712 713 1
712 33 1
713 34 1
713 714 1
714 715 1
714 36 1
715 37 1
715 716 1
716 717 1
716 39 1
717 40 1
717 718 1
718 719 1
718 42 1
719 43 1
719 720 1
720 721 1
720 45 1
721 46 1
721 722 1
722 723 1
722 48 1
723 49 1
723 724 1
724 725 1
724 51 1
725 52 1
725 726 1
726 727 1
726 53 1
727 54 1
727 728 1
728 729 1
728 55 1
729 56 1
729 730 1
730 731 1
730 57 1
731 58 1
731 732 1
732 733 1
732 59 1
733 60 1
733 734 1
734 735 1
734 61 1
735 62 1
735 736 1
736 737 1
736 63 1
737 64 1
737 738 1
738 739 1
738 65 1
739 66 1
739 740 1
740 741 1
740 67 1
741 742 1
741 68 1
742 743 1
742 69 1
743 744 1
743 70 1
744 745 1
744 71 1
745 746 1
745 72 1
746 747 1
746 73 1
747 748 1
747 74 1
748 749 1
748 75 1
749 750 1
749 76 1
750 751 1
750 77 1
751 752 1
751 78 1
752 753 1
752 79 1
753 754 1
753 80 1
754 755 1
754 81 1
755 756 1
755 82 1
756 757 1
756 83 1
757 758 1
757 85 1
758 759 1
758 86 1
759 760 1
759 88 1
760 761 1
760 89 1
761 762 1
761 91 1
762 763 1
762 92 1
763 764 1
763 94 1
764 765 1
764 95 1
765 766 1
765 97 1
766 767 1
766 98 1
767 768 1
767 100 1
768 769 1
768 101 1
769 770 1
769 103 1
770 771 1
770 104 1
771 772 1
771 106 1
772 107 1
772 773 1
773 774 1
773 109 1
774 110 1
774 775 1
775 776 1
775 112 1
776 113 1
776 777 1
777 778 1
777 115 1
778 116 1
778 779 1
779 780 1
779 118 1
780 119 1
780 781 1
781 782 1
781 121 1
782 122 1
782 783 1
783 784 1
783 124 1
784 125 1
784 785 1
785 786 1
785 126 1
786 127 1
786 787 1
787 788 1
787 128 1
788 129 1
788 789 1
789 790 1
789 130 1
790 131 1
790 791 1
791 792 1
791 132 1
792 133 1
792 793 1
793 794 1
793 135 1
794 136 1
794 795 1
795 796 1
795 138 1
796 139 1
796 797 1
797 798 1
797 141 1
798 142 1
798 799 1
799 800 1
799 144 1
800 145 1
800 801 1
801 802 1
801 147 1
802 148 1
802 803 1
803 804 1
803 150 1
804 805 1
804 151 1
805 806 1
805 153 1
806 807 1
806 154 1
807 808 1
807 156 1
808 809 1
808 157 1
809 810 1
809 159 1
810 811 1
810 160 1
811 812 1
811 162 1
812 813 1
812 163 1
813 814 1
813 165 1
814 815 1
814 166 1
815 816 1
815 167 1
816 817 1
816 168 1
817 818 1
817 169 1
818 819 1
818 170 1
819 820 1
819 171 1
820 821 1
820 172 1
821 822 1
821 173 1
822 823 1
822 174 1
823 824 1
823 175 1
824 825 1
824 176 1
825 826 1
825 177 1
826 827 1
826 178 1
827 828 1
827 179 1
828 829 1
828 180 1
829 830 1
829 181 1
830 831 1
830 182 1
831 832 1
831 183 1
832 833 1
832 184 1
833 834 1
833 185 1
834 835 1
834 186 1
835 187 1
835 836 1
836 837 1
836 188 1
837 189 1
837 838 1
838 839 1
838 190 1
839 191 1
839 840 1
840 841 1
840 192 1
841 193 1
841 842 1
842 843 1
842 194 1
843 195 1
843 844 1
844 845 1
844 196 1
845 197 1
845 846 1
846 847 1
846 198 1
847 199 1
847 848 1
848 849 1
848 200 1
849 201 1
849 850 1
850 851 1
850 202 1
851 203 1
851 852 1
852 853 1
852 204 1
853 205 1
853 854 1
854 855 1
854 206 1
855 207 1
855 856 1
856 857 1
856 209 1
857 210 1
857 858 1
858 859 1
858 212 1
859 213 1
859 860 1
860 861 1
860 215 1
861 216 1
861 862 1
862 863 1
862 218 1
863 219 1
863 864 1
864 865 1
864 221 1
865 222 1
865 866 1
866 867 1
866 224 1
867 868 1
867 225 1
868 869 1
868 227 1
869 870 1
869 228 1
870 871 1
870 230 1
871 872 1
871 231 1
872 873 1
872 233 1
873 874 1
873 234 1
874 875 1
874 236 1
875 876 1
875 237 1
876 877 1
876 239 1
877 878 1
877 240 1
878 879 1
878 241 1
879 880 1
879 242 1
880 881 1
880 243 1
881 882 1
881 244 1
882 883 1
882 245 1
883 884 1
883 246 1
884 885 1
884 247 1
885 886 1
885 248 1
886 887 1
886 249 1
887 888 1
887 250 1
888 889 1
888 251 1
889 890 1
889 252 1
890 891 1
890 253 1
891 892 1
891 254 1
892 893 1
892 255 1
893 894 1
893 256 1
894 895 1
894 257 1
895 896 1
895 258 1
896 897 1
896 259 1
897 898 1
897 260 1
898 261 1
898 899 1
899 900 1
899 262 1
900 263 1
900 901 1
901 902 1
901 264 1
902 265 1
902 903 1
903 904 1
903 266 1
904 267 1
904 905 1
905 906 1
905 268 1
906 269 1
906 907 1
907 908 1
907 270 1
908 271 1
908 909 1
909 910 1
909 272 1
910 273 1
910 911 1
911 912 1
911 274 1
912 275 1
912 913 1
913 914 1
913 276 1
914 277 1
914 915 1
915 916 1
915 278 1
916 279 1
916 917 1
917 918 1
917 280 1
918 281 1
918 919 1
919 920 1
919 283 1
920 284 1
920 921 1
921 922 1
921 286 1
922 287 1
922 923 1
923 924 1
923 289 1
924 290 1
924 925 1
925 926 1
925 292 1
926 293 1
926 927 1
927 928 1
927 295 1
928 296 1
928 929 1
929 930 1
929 298 1
930 931 1
930 299 1
931 932 1
931 301 1
932 933 1
932 302 1
933 934 1
933 304 1
934 935 1
934 305 1
935 936 1
935 307 1
936 937 1
936 308 1
937 938 1
937 310 1
938 939 1
938 311 1
939 940 1
939 313 1
940 941 1
940 314 1
941 942 1
941 315 1
942 943 1
942 316 1
943 944 1
943 317 1
944 945 1
944 318 1
945 946 1
945 319 1
946 947 1
946 320 1
947 948 1
947 321 1
948 949 1
948 322 1
949 950 1
949 323 1
950 951 1
950 324 1
951 952 1
951 325 1
952 953 1
952 326 1
953 954 1
953 327 1
954 955 1
954 328 1
955 956 1
955 329 1
956 957 1
956 330 1
957 958 1
957 331 1
958 959 1
958 332 1
959 960 1
959 333 1
960 961 1
960 334 1
961 335 1
961 962 1
962 963 1
962 336 1
963 337 1
963 964 1
964 965 1
964 338 1
965 339 1
965 966 1
966 967 1
966 340 1
967 341 1
967 968 1
968 969 1
968 342 1
969 343 1
969 970 1
970 971 1
970 344 1
971 345 1
971 972 1
972 973 1
972 346 1
973 347 1
973 974 1
974 975 1
974 348 1
975 349 1
975 976 1
976 977 1
976 350 1
977 351 1
977 978 1
978 979 1
978 352 1
979 353 1
979 980 1
980 981 1
980 354 1
981 355 1
981 982 1
982 983 1
982 357 1
983 358 1
983 984 1
984 985 1
984 360 1
985 361 1
985 986 1
986 987 1
986 363 1
987 364 1
987 988 1
988 989 1
988 366 1
989 367 1
989 990 1
990 991 1
990 369 1
991 370 1
991 992 1
992 993 1
992 372 1
993 994 1
993 373 1
994 995 1
994 375 1
995 996 1
995 376 1
996 997 1
996 378 1
997 998 1
997 379 1
998 999 1
998 381 1
999 1000 1
999 382 1
1000 1001 1
1000 384 1
1001 1002 1
1001 385 1
1002 1003 1
1002 387 1
1003 1004 1
1003 388 1
1004 1005 1
1004 389 1
1005 1006 1
1005 390 1
1006 1007 1
1006 391 1
1007 1008 1
1007 392 1
1008 1009 1
1008 393 1
1009 1010 1
1009 394 1
1010 1011 1
1010 395 1
1011 1012 1
1011 396 1
1012 1013 1
1012 397 1
1013 1014 1
1013 398 1
1014 1015 1
1014 399 1
1015 1016 1
1015 400 1
1016 1017 1
1016 401 1
1017 1018 1
1017 402 1
1018 1019 1
1018 403 1
1019 1020 1
1019 404 1
1020 1021 1
1020 405 1
1021 1022 1
1021 406 1
1022 1023 1
1022 407 1
1023 1024 1
1023 408 1
1024 409 1
1024 1025 1
1025 1026 1
1025 410 1
1026 411 1
1026 1027 1
1027 1028 1
1027 412 1
1028 413 1
1028 1029 1
1029 1030 1
1029 414 1
1030 415 1
1030 1031 1
1031 1032 1
1031 416 1
1032 417 1
1032 1033 1
1033 1034 1
1033 418 1
1034 419 1
1034 1035 1
1035 1036 1
1035 420 1
1036 421 1
1036 1037 1
1037 1038 1
1037 422 1
1038 423 1
1038 1039 1
1039 1040 1
1039 424 1
1040 425 1
1040 1041 1
1041 1042 1
1041 426 1
1042 427 1
1042 1043 1
1043 1044 1
1043 428 1
1044 429 1
1044 1045 1
1045 1046 1
1045 431 1
1046 432 1
1046 1047 1
1047 1048 1
1047 434 1
1048 435 1
1048 1049 1
1049 437 1
1050 27 1
1050 1051 1
1051 29 1
1052 1053 1
1052 1050 1
1053 29 1
1054 1052 1
1054 1055 1
1055 29 1
1056 1057 1
1056 1054 1
1057 29 1
1058 1056 1
1058 1059 1
1059 29 1
1060 1061 1
1060 1058 1
1061 29 1
1062 1060 1
1062 1063 1
1063 29 1
1064 1065 1
1064 1062 1
1065 29 1
1066 1064 1
1066 1067 1
1067 29 1
1068 1069 1
1068 1066 1
1069 29 1
1070 1068 1
1070 1071 1
1071 29 1
1072 1073 1
1072 1070 1
1073 29 1
1074 1072 1
1074 1075 1
1075 29 1
1076 1077 1
1076 1074 1
1077 29 1
1078 1076 1
1078 1079 1
1079 29 1
1080 1081 1
1080 1078 1
1081 29 1
1082 1080 1
1082 1083 1
1083 29 1
1084 1082 1
1084 1085 1
1085 29 1
1086 1084 1
1086 1087 1
1087 29 1
1088 1086 1
1088 1089 1
1089 29 1
1090 1088 1
1090 1091 1
1091 29 1
1092 1090 1
1092 1093 1
1093 29 1
1094 1092 1
1094 1095 1
1095 29 1
1096 1094 1
1096 1097 1
1097 29 1
1098 1099 1
1099 3 1
1100 1101 1
1101 4 1
1102 1103 1
1103 5 1
1104 1105 1
1105 6 1
1106 1107 1
1107 7 1
1108 1109 1
1109 8 1
1110 1111 1
1111 9 1
1112 1113 1
1113 10 1
1114 1115 1
1115 11 1
1116 1117 1
1117 12 1
1118 1119 1
1119 13 1
1120 1121 1
1121 14 1
1122 1123 1
1123 15 1
1124 1125 1
1125 16 1
1126 1127 1
1127 17 1
1128 1129 1
1129 18 1
1130 1131 1
1131 19 1
1132 1133 1
1133 20 1
1134 1135 1
1135 21 1
1136 1137 1
1137 22 1
1138 1139 1
1139 23 1
1140 1141 1
1141 24 1
1142 1143 1
1143 25 1
1144 1145 1
1145 26 1
1146 1147 1
1147 710 1
1148 1149 1
1149 711 1
1150 1151 1
1151 712 1
1152 1153 1
1153 713 1
1154 1155 1
1155 714 1
1156 1157 1
1157 715 1
1158 1159 1
1159 716 1
1160 1161 1
1161 717 1
1162 1163 1
1163 718 1
1164 1165 1
1165 719 1
1166 1167 1
1167 720 1
1168 1169 1
1169 721 1
1170 1171 1
1171 722 1
1172 1173 1
1173 723 1
1174 1175 1
1175 724 1
1176 1177 1
1177 725 1
1178 1179 1
1179 726 1
1180 1181 1
1181 727 1
1182 1183 1
1183 728 1
1184 1185 1
1185 729 1
1186 1187 1
1187 730 1
1188 1189 1
1189 731 1
1190 1191 1
1191 732 1
1192 1193 1
1193 733 1
1194 1195 1
1195 734 1
1196 1197 1
1197 735 1
1198 1199 1
1199 736 1
1200 1201 1
1201 737 1
1202 1203 1
1203 738 1
1204 1205 1
1205 739 1
1206 1207 1
1207 740 1
1208 1209 1
1209 741 1
1210 1211 1
1211 742 1
1212 1213 1
1213 743 1
1214 1215 1
1215 744 1
1216 1217 1
1217 745 1
1218 1219 1
1219 746 1
1220 1221 1
1221 747 1
1222 1223 1
1223 748 1
1224 1225 1
1225 749 1
1226 1227 1
1227 750 1
1228 1229 1
1229 751 1
1230 1231 1
1231 752 1
1232 1233 1
1233 753 1
1234 1235 1
1235 754 1
1236 1237 1
1237 755 1
1238 1239 1
1239 756 1
1240 1241 1
1241 757 1
1242 1243 1
1243 758 1
1244 1245 1
1245 759 1
1246 1247 1
1247 760 1
1248 1249 1
1249 761 1
1250 1251 1
1251 762 1
1252 1253 1
1253 763 1
1254 1255 1
1255 764 1
1256 1257 1
1257 765 1
1258 1259 1
1259 766 1
1260 1261 1
1261 767 1
1262 1263 1
1263 768 1
1264 1265 1
1265 769 1
1266 1267 1
1267 770 1
1268 1269 1
1269 771 1
1270 1271 1
1271 772 1
1272 1273 1
1273 773 1
1274 1275 1
1275 774 1
1276 1277 1
1277 775 1
1278 1279 1
1279 776 1
1280 1281 1
1281 777 1
1282 1283 1
1283 778 1
1284 1285 1
1285 779 1
1286 1287 1
1287 780 1
1288 1289 1
1289 781 1
1290 1291 1
1291 782 1
1292 1293 1
1293 783 1
1294 1295 1
1295 784 1
1296 1297 1
1297 785 1
1298 1299 1
1299 786 1
1300 1301 1
1301 787 1
1302 1303 1
1303 788 1
1304 1305 1
1305 789 1
1306 1307 1
1307 790 1
1308 1309 1
1309 791 1
1310 1311 1
1311 792 1
1312 1313 1
1313 793 1
1314 1315 1
1315 794 1
1316 1317 1
1317 795 1
1318 1319 1
1319 796 1
1320 1321 1
1321 797 1
1322 1323 1
1323 798 1
1324 1325 1
1325 799 1
1326 1327 1
1327 800 1
1328 1329 1
1329 801 1
1330 1331 1
1331 802 1
1332 1333 1
1333 803 1
1334 1335 1
1335 804 1
1336 1337 1
1337 805 1
1338 1339 1
1339 806 1
1340 1341 1
1341 807 1
1342 1343 1
1343 808 1
1344 1345 1
1345 809 1
1346 1347 1
1347 810 1
1348 1349 1
1349 811 1
1350 1351 1
1351 812 1
1352 1353 1
1353 813 1
1354 1355 1
1355 814 1
1356 1357 1
1357 815 1
1358 1359 1
1359 816 1
1360 1361 1
1361 817 1
1362 1363 1
1363 818 1
1364 1365 1
1365 819 1
1366 1367 1
1367 820 1
1368 1369 1
1369 821 1
1370 1371 1
1371 822 1
1372 1373 1
1373 823 1
1374 1375 1
1375 824 1
1376 1377 1
1377 825 1
1378 1379 1
1379 826 1
1380 1381 1
1381 827 1
1382 1383 1
1383 828 1
1384 1385 1
1385 829 1
1386 1387 1
1387 830 1
1388 1389 1
1389 831 1
1390 1391 1
1391 832 1
1392 1393 1
1393 833 1
1394 1395 1
1395 834 1
1396 1397 1
1397 835 1
1398 1399 1
1399 836 1
1400 1401 1
1401 837 1
1402 1403 1
1403 838 1
1404 1405 1
1405 839 1
1406 1407 1
1407 840 1
1408 1409 1
1409 841 1
1410 1411 1
1411 842 1
1412 1413 1
1413 843 1
1414 1415 1
1415 844 1
1416 1417 1
1417 845 1
1418 1419 1
1419 846 1
1420 1421 1
1421 847 1
1422 1423 1
1423 848 1
1424 1425 1
1425 849 1
1426 1427 1
1427 850 1
1428 1429 1
1429 851 1
1430 1431 1
1431 852 1
1432 1433 1
1433 853 1
1434 1435 1
1435 854 1
1436 1437 1
1437 855 1
1438 1439 1
1439 856 1
1440 1441 1
1441 857 1
1442 1443 1
1443 858 1
1444 1445 1
1445 859 1
1446 1447 1
1447 860 1
1448 1449 1
1449 861 1
1450 1451 1
1451 862 1
1452 1453 1
1453 863 1
1454 1455 1
1455 864 1
1456 1457 1
1457 865 1
1458 1459 1
1459 866 1
1460 1461 1
1461 867 1
1462 1463 1
1463 868 1
1464 1465 1
1465 869 1
1466 1467 1
1467 870 1
1468 1469 1
1469 871 1
1470 1471 1
1471 872 1
1472 1473 1
1473 873 1
1474 1475 1
1475 874 1
1476 1477 1
1477 875 1
1478 1479 1
1479 876 1
1480 1481 1
1481 877 1
1482 1483 1
1483 878 1
1484 1485 1
1485 879 1
1486 1487 1
1487 880 1
1488 1489 1
1489 881 1
1490 1491 1
1491 882 1
1492 1493 1
1493 883 1
1494 1495 1
1495 884 1
1496 1497 1
1497 885 1
1498 1499 1
1499 886 1
1500 1501 1
1501 887 1
1502 1503 1
1503 888 1
1504 1505 1
1505 889 1
1506 1507 1
1507 890 1
1508 1509 1
1509 891 1
1510 1511 1
1511 892 1
1512 1513 1
1513 893 1
1514 1515 1
1515 894 1
1516 1517 1
1517 895 1
1518 1519 1
1519 896 1
1520 1521 1
1521 897 1
1522 1523 1
1523 898 1
1524 1525 1
1525 899 1
1526 1527 1
1527 900 1
1528 1529 1
1529 901 1
1530 1531 1
1531 902 1
1532 1533 1
1533 903 1
1534 1535 1
1535 904 1
1536 1537 1
1537 905 1
1538 1539 1
1539 906 1
1540 1541 1
1541 907 1
1542 1543 1
1543 908 1
1544 1545 1
1545 909 1
1546 1547 1
1547 910 1
1548 1549 1
1549 911 1
1550 1551 1
1551 912 1
1552 1553 1
1553 913 1
1554 1555 1
1555 914 1
1556 1557 1
1557 915 1
1558 1559 1
1559 916 1
1560 1561 1
1561 917 1
1562 1563 1
1563 918 1
1564 1565 1
1565 919 1
1566 1567 1
1567 920 1
1568 1569 1
1569 921 1
1570 1571 1
1571 922 1
1572 1573 1
1573 923 1
1574 1575 1
1575 924 1
1576 1577 1
1577 925 1
1578 1579 1
1579 926 1
1580 1581 1
1581 927 1
1582 1583 1
1583 928 1
1584 1585 1
1585 929 1
1586 1587 1
1587 930 1
1588 1589 1
1589 931 1
1590 1591 1
1591 932 1
1592 1593 1
1593 933 1
1594 1595 1
1595 934 1
1596 1597 1
1597 935 1
1598 1599 1
1599 936 1
1600 1601 1
1601 937 1
1602 1603 1
1603 938 1
1604 1605 1
1605 939 1
1606 1607 1
1607 940 1
1608 1609 1
1609 941 1
1610 1611 1
1611 942 1
1612 1613 1
1613 943 1
1614 1615 1
1615 944 1
1616 1617 1
1617 945 1
1618 1619 1
1619 946 1
1620 1621 1
1621 947 1
1622 1623 1
1623 948 1
1624 1625 1
1625 949 1
1626 1627 1
1627 950 1
1628 1629 1
1629 951 1
1630 1631 1
1631 952 1
1632 1633 1
1633 953 1
1634 1635 1
1635 954 1
1636 1637 1
1637 955 1
1638 1639 1
1639 956 1
1640 1641 1
1641 957 1
1642 1643 1
1643 958 1
1644 1645 1
1645 959 1
1646 1647 1
1647 960 1
1648 1649 1
1649 961 1
1650 1651 1
1651 962 1
1652 1653 1
1653 963 1
1654 1655 1
1655 964 1
1656 1657 1
1657 965 1
1658 1659 1
1659 966 1
1660 1661 1
1661 967 1
1662 1663 1
1663 968 1
1664 1665 1
1665 969 1
1666 1667 1
1667 970 1
1668 1669 1
1669 971 1
1670 1671 1
1671 972 1
1672 1673 1
1673 973 1
1674 1675 1
1675 974 1
1676 1677 1
1677 975 1
1678 1679 1
1679 976 1
1680 1681 1
1681 977 1
1682 1683 1
1683 978 1
1684 1685 1
1685 979 1
1686 1687 1
1687 980 1
1688 1689 1
1689 981 1
1690 1691 1
1691 982 1
1692 1693 1
1693 983 1
1694 1695 1
1695 984 1
1696 1697 1
1697 985 1
1698 1699 1
1699 986 1
1700 1701 1
1701 987 1
1702 1703 1
1703 988 1
1704 1705 1
1705 989 1
1706 1707 1
1707 990 1
1708 1709 1
1709 991 1
1710 1711 1
1711 992 1
1712 1713 1
1713 993 1
1714 1715 1
1715 994 1
1716 1717 1
1717 995 1
1718 1719 1
1719 996 1
1720 1721 1
1721 997 1
1722 1723 1
1723 998 1
1724 1725 1
1725 999 1
1726 1727 1
1727 1000 1
1728 1729 1
1729 1001 1
1730 1731 1
1731 1002 1
1732 1733 1
1733 1003 1
1734 1735 1
1735 1004 1
1736 1737 1
1737 1005 1
1738 1739 1
1739 1006 1
1740 1741 1
1741 1007 1
1742 1743 1
1743 1008 1
1744 1745 1
1745 1009 1
1746 1747 1
1747 1010 1
1748 1749 1
1749 1011 1
1750 1751 1
1751 1012 1
1752 1753 1
1753 1013 1
1754 1755 1
1755 1014 1
1756 1757 1
1757 1015 1
1758 1759 1
1759 1016 1
1760 1761 1
1761 1017 1
1762 1763 1
1763 1018 1
1764 1765 1
1765 1019 1
1766 1767 1
1767 1020 1
1768 1769 1
1769 1021 1
1770 1771 1
1771 1022 1
1772 1773 1
1773 1023 1
1774 1775 1
1775 1024 1
1776 1777 1
1777 1025 1
1778 1779 1
1779 1026 1
1780 1781 1
1781 1027 1
1782 1783 1
1783 1028 1
1784 1785 1
1785 1029 1
1786 1787 1
1787 1030 1
1788 1789 1
1789 1031 1
1790 1791 1
1791 1032 1
1792 1793 1
1793 1033 1
1794 1795 1
1795 1034 1
1796 1797 1
1797 1035 1
1798 1799 1
1799 1036 1
1800 1801 1
1801 1037 1
1802 1803 1
1803 1038 1
1804 1805 1
1805 1039 1
1806 1807 1
1807 1040 1
1808 1809 1
1809 1041 1
1810 1811 1
1811 1042 1
1812 1813 1
1813 1043 1
1814 1815 1
1815 1044 1
1816 1817 1
1817 1045 1
1818 1819 1
1819 1046 1
1820 1821 1
1821 1047 1
1822 1823 1
1823 1048 1
1824 1825 1
1825 1049 1
1826 1169 1
1826 1171 1
1826 1173 1
1826 1175 1
1826 1787 1
1826 1177 1
1826 1179 1
1826 1391 1
1826 1181 1
1826 1421 1
1826 1183 1
1826 1185 1
1826 1187 1
1826 1189 1
1826 1191 1
1826 1193 1
1826 1423 1
1826 1195 1
1826 1197 1
1826 1199 1
1826 1201 1
1826 1203 1
1826 1205 1
1826 1425 1
1826 1207 1
1826 1209 1
1826 1463 1
1826 1465 1
1826 1467 1
1826 1469 1
1826 1427 1
1826 1219 1
1826 1221 1
1826 1475 1
1826 1807 1
1826 1225 1
1826 1227 1
1826 1229 1
1826 1429 1
1826 1105 1
1826 1107 1
1826 1487 1
1826 1789 1
1826 1111 1
1826 1113 1
1826 1393 1
1826 1115 1
1826 1431 1
1826 1495 1
1826 1119 1
1826 1325 1
1826 1499 1
1826 1123 1
1826 1251 1
1826 1253 1
1826 1433 1
1826 1255 1
1826 1509 1
1826 1259 1
1826 1261 1
1826 1263 1
1826 1265 1
1826 1435 1
1826 1141 1
1826 1521 1
1826 1523 1
1826 1147 1
1826 1149 1
1826 1529 1
1826 1437 1
1826 1531 1
1826 1155 1
1826 1157 1
1826 1809 1
1826 1537 1
1826 1539 1
1826 1163 1
1826 1439 1
1826 1165 1
1826 1167 1
1826 1791 1
1826 1395 1
1826 1441 1
1826 1689 1
1826 1443 1
1826 1323 1
1826 1445 1
1826 1525 1
1826 1447 1
1826 1811 1
1826 1449 1
1826 1587 1
1826 1793 1
1826 1553 1
1826 1397 1
1826 1451 1
1826 1363 1
1826 1453 1
1826 1455 1
1826 1527 1
1826 1493 1
1826 1457 1
1826 1269 1
1826 1235 1
1826 1813 1
1826 1459 1
1826 1623 1
1826 1385 1
1826 1795 1
1826 1555 1
1826 1399 1
1826 1461 1
1826 1211 1
1826 1295 1
1826 1213 1
1826 1297 1
1826 1215 1
1826 1271 1
1826 1299 1
1826 1237 1
1826 1815 1
1826 1217 1
1826 1301 1
1826 1797 1
1826 1401 1
1826 1471 1
1826 1367 1
1826 1333 1
1826 1681 1
1826 1473 1
1826 1683 1
1826 1223 1
1826 1607 1
1826 1559 1
1826 1477 1
1826 1309 1
1826 1239 1
1826 1817 1
1826 1479 1
1826 1311 1
1826 1403 1
1826 1103 1
1826 1369 1
1826 1691 1
1826 1231 1
1826 1693 1
1826 1233 1
1826 1317 1
1826 1109 1
1826 1319 1
1826 1819 1
1826 1489 1
1826 1629 1
1826 1321 1
1826 1491 1
1826 1597 1
1826 1575 1
1826 1241 1
1826 1577 1
1826 1117 1
1826 1535 1
1826 1579 1
1826 1497 1
1826 1277 1
1826 1329 1
1826 1243 1
1826 1821 1
1826 1121 1
1826 1331 1
1826 1501 1
1826 1735 1
1826 1373 1
1826 1585 1
1826 1305 1
1826 1503 1
1826 1335 1
1826 1127 1
1826 1589 1
1826 1129 1
1826 1279 1
1826 1339 1
1826 1245 1
1826 1823 1
1826 1131 1
1826 1387 1
1826 1719 1
1826 1771 1
1826 1511 1
1826 1737 1
1826 1375 1
1826 1595 1
1826 1307 1
1826 1729 1
1826 1513 1
1826 1345 1
1826 1137 1
1826 1725 1
1826 1505 1
1826 1605 1
1826 1139 1
1826 1281 1
1826 1601 1
1826 1247 1
1826 1825 1
1826 1267 1
1826 1635 1
1826 1351 1
1826 1143 1
1826 1739 1
1826 1705 1
1826 1343 1
1826 1145 1
1826 1733 1
1826 1273 1
1826 1357 1
1826 1507 1
1826 1275 1
1826 1359 1
1826 1249 1
1826 1151 1
1826 1613 1
1826 1569 1
1826 1153 1
1826 1379 1
1826 1707 1
1826 1741 1
1826 1673 1
1826 1347 1
1826 1533 1
1826 1365 1
1826 1283 1
1826 1619 1
1826 1159 1
1826 1285 1
1826 1747 1
1826 1161 1
1826 1371 1
1826 1571 1
1826 1541 1
1826 1743 1
1826 1381 1
1826 1709 1
1826 1 1
1826 1675 1
1826 1313 1
1826 1543 1
1826 1627 1
1826 1383 1
1826 1293 1
1826 1545 1
1826 1377 1
1826 1287 1
1826 1631 1
1826 1759 1
1826 1573 1
1826 1133 1
1826 1751 1
1826 1099 1
1826 1125 1
1826 1677 1
1826 1315 1
1826 1341 1
1826 1763 1
1826 1639 1
1826 1289 1
1826 1767 1
1826 1799 1
1826 1769 1
1826 1781 1
1826 1135 1
1826 1101 1
1826 1647 1
1826 1775 1
1826 1515 1
1826 1481 1
1826 1291 1
1826 1777 1
1826 1257 1
1826 1547 1
1826 1549 1
1826 1801 1
1826 1551 1
1826 1679 1
1826 1303 1
1826 1779 1
1826 1557 1
1826 1685 1
1826 1561 1
1826 1783 1
1826 1563 1
1826 1565 1
1826 1567 1
1826 1715 1
1826 1353 1
1826 1695 1
1826 1697 1
1826 1699 1
1826 1701 1
1826 1703 1
1826 1327 1
1826 1657 1
1826 1581 1
1826 1583 1
1826 1711 1
1826 1713 1
1826 1337 1
1826 1591 1
1826 1407 1
1826 1593 1
1826 1517 1
1826 1721 1
1826 1483 1
1826 1723 1
1826 1599 1
1826 1727 1
1826 1603 1
1826 1409 1
1826 1731 1
1826 1355 1
1826 1609 1
1826 1803 1
1826 1611 1
1826 1361 1
1826 1615 1
1826 1411 1
1826 1617 1
1826 1745 1
1826 1621 1
1826 1785 1
1826 1749 1
1826 1625 1
1826 1389 1
1826 1753 1
1826 1717 1
1826 1413 1
1826 1755 1
1826 1757 1
1826 1633 1
1826 1349 1
1826 1761 1
1826 1637 1
1826 1765 1
1826 1415 1
1826 1641 1
1826 1687 1
1826 1643 1
1826 1645 1
1826 1773 1
1826 1649 1
1826 1651 1
1826 1417 1
1826 1653 1
1826 1519 1
1826 1655 1
1826 1485 1
1826 1405 1
1826 1659 1
1826 1661 1
1826 1663 1
1826 1419 1
1826 1665 1
1826 1667 1
1826 1669 1
1826 1805 1
1826 1671 1
1827 1828 1
1828 1829 1
1829 1169 1
1829 1171 1
1829 1173 1
1829 1175 1
1829 1787 1
1829 1177 1
1829 1179 1
1829 1391 1
1829 1181 1
1829 1421 1
1829 1183 1
1829 1185 1
1829 1187 1
1829 1189 1
1829 1191 1
1829 1193 1
1829 1423 1
1829 1195 1
1829 1197 1
1829 1199 1
1829 1201 1
1829 1203 1
1829 1205 1
1829 1425 1
1829 1207 1
1829 1209 1
1829 1463 1
1829 1465 1
1829 1467 1
1829 1469 1
1829 1427 1
1829 1219 1
1829 1221 1
1829 1475 1
1829 1807 1
1829 1225 1
1829 1227 1
1829 1229 1
1829 1429 1
1829 1105 1
1829 1107 1
1829 1487 1
1829 1789 1
1829 1111 1
1829 1113 1
1829 1393 1
1829 1115 1
1829 1431 1
1829 1495 1
1829 1119 1
1829 1325 1
1829 1499 1
1829 1123 1
1829 1251 1
1829 1253 1
1829 1433 1
1829 1255 1
1829 1509 1
1829 1259 1
1829 1261 1
1829 1263 1
1829 1265 1
1829 1435 1
1829 1141 1
1829 1521 1
1829 1523 1
1829 1147 1
1829 1149 1
1829 1529 1
1829 1437 1
1829 1531 1
1829 1155 1
1829 1157 1
1829 1809 1
1829 1537 1
1829 1539 1
1829 1163 1
1829 1439 1
1829 1165 1
1829 1167 1
1829 1791 1
1829 1395 1
1829 1441 1
1829 1689 1
1829 1443 1
1829 1323 1
1829 1445 1
1829 1525 1
1829 1447 1
1829 1811 1
1829 1449 1
1829 1587 1
1829 1793 1
1829 1553 1
1829 1397 1
1829 1451 1
1829 1363 1
1829 1453 1
1829 1455 1
1829 1527 1
1829 1493 1
1829 1457 1
1829 1269 1
1829 1235 1
1829 1813 1
1829 1459 1
1829 1623 1
1829 1385 1
1829 1795 1
1829 1555 1
1829 1399 1
1829 1461 1
1829 1211 1
1829 1295 1
1829 1213 1
1829 1297 1
1829 1215 1
1829 1271 1
1829 1299 1
1829 1237 1
1829 1815 1
1829 1217 1
1829 1301 1
1829 1797 1
1829 1401 1
1829 1471 1
1829 1367 1
1829 1333 1
1829 1681 1
1829 1473 1
1829 1683 1
1829 1223 1
1829 1607 1
1829 1559 1
1829 1477 1
1829 1309 1
1829 1239 1
1829 1817 1
1829 1479 1
1829 1311 1
1829 1403 1
1829 1103 1
1829 1369 1
1829 1691 1
1829 1231 1
1829 1693 1
1829 1233 1
1829 1317 1
1829 1109 1
1829 1319 1
1829 1819 1
1829 1489 1
1829 1629 1
1829 1321 1
1829 1491 1
1829 1597 1
1829 1575 1
1829 1241 1
1829 1577 1
1829 1117 1
1829 1535 1
1829 1579 1
1829 1497 1
1829 1277 1
1829 1329 1
1829 1243 1
1829 1821 1
1829 1121 1
1829 1331 1
1829 1501 1
1829 1735 1
1829 1373 1
1829 1585 1
1829 1305 1
1829 1503 1
1829 1335 1
1829 1127 1
1829 1589 1
1829 1129 1
1829 1279 1
1829 1339 1
1829 1245 1
1829 1823 1
1829 1131 1
1829 1387 1
1829 1719 1
1829 1771 1
1829 1511 1
1829 1737 1
1829 1375 1
1829 1595 1
1829 1307 1
1829 1729 1
1829 1513 1
1829 1345 1
1829 1137 1
1829 1725 1
1829 1505 1
1829 1605 1
1829 1139 1
1829 1281 1
1829 1601 1
1829 1247 1
1829 1825 1
1829 1267 1
1829 1635 1
1829 1351 1
1829 1143 1
1829 1739 1
1829 1705 1
1829 1343 1
1829 1145 1
1829 1733 1
1829 1273 1
1829 1357 1
1829 1507 1
1829 1275 1
1829 1359 1
1829 1249 1
1829 1151 1
1829 1613 1
1829 1569 1
1829 1153 1
1829 1379 1
1829 1707 1
1829 1741 1
1829 1673 1
1829 1347 1
1829 1533 1
1829 1365 1
1829 1283 1
1829 1619 1
1829 1159 1
1829 1285 1
1829 1747 1
1829 1161 1
1829 1371 1
1829 1571 1
1829 1541 1
1829 1743 1
1829 1381 1
1829 1709 1
1829 1 1
1829 1675 1
1829 1313 1
1829 1543 1
1829 1627 1
1829 1383 1
1829 1293 1
1829 1545 1
1829 1377 1
1829 1287 1
1829 1631 1
1829 1759 1
1829 1573 1
1829 1133 1
1829 1751 1
1829 1099 1
1829 1125 1
1829 1677 1
1829 1315 1
1829 1341 1
1829 1763 1
1829 1639 1
1829 1289 1
1829 1767 1
1829 1799 1
1829 1769 1
1829 1781 1
1829 1135 1
1829 1101 1
1829 1647 1
1829 1775 1
1829 1515 1
1829 1481 1
1829 1291 1
1829 1777 1
1829 1257 1
1829 1547 1
1829 1549 1
1829 1801 1
1829 1551 1
1829 1679 1
1829 1303 1
1829 1779 1
1829 1557 1
1829 1685 1
1829 1561 1
1829 1783 1
1829 1563 1
1829 1565 1
1829 1567 1
1829 1715 1
1829 1353 1
1829 1695 1
1829 1697 1
1829 1699 1
1829 1701 1
1829 1703 1
1829 1327 1
1829 1657 1
1829 1581 1
1829 1583 1
1829 1711 1
1829 1713 1
1829 1337 1
1829 1591 1
1829 1407 1
1829 1593 1
1829 1517 1
1829 1721 1
1829 1483 1
1829 1723 1
1829 1599 1
1829 1727 1
1829 1603 1
1829 1409 1
1829 1731 1
1829 1355 1
1829 1609 1
1829 1803 1
1829 1611 1
1829 1361 1
1829 1615 1
1829 1411 1
1829 1617 1
1829 1745 1
1829 1621 1
1829 1785 1
1829 1749 1
1829 1625 1
1829 1389 1
1829 1753 1
1829 1717 1
1829 1413 1
1829 1755 1
1829 1757 1
1829 1633 1
1829 1349 1
1829 1761 1
1829 1637 1
1829 1765 1
1829 1415 1
1829 1641 1
1829 1687 1
1829 1643 1
1829 1645 1
1829 1773 1
1829 1649 1
1829 1651 1
1829 1417 1
1829 1653 1
1829 1519 1
1829 1655 1
1829 1485 1
1829 1405 1
1829 1659 1
1829 1661 1
1829 1663 1
1829 1419 1
1829 1665 1
1829 1667 1
1829 1669 1
1829 1805 1
1829 1671 1
1830 1829 1
