0 1
0 111
0 112
1 2
2 3
3 4
4 5
5 6
5 109
5 110
6 7
6 105
6 108
7 8
7 104
8 9
9 10
9 14
10 11
11 12
12 13
14 15
15 16
16 17
17 18
17 98
17 99
18 19
19 20
19 97
20 21
21 22
21 25
22 23
23 24
24 13
25 26
26 27
27 28
28 29
28 91
28 96
29 30
30 31
30 90
31 32
32 33
32 36
33 34
34 35
35 13
36 37
37 38
38 39
39 40
39 84
39 89
40 41
41 42
41 45
42 43
43 44
44 13
45 46
46 47
46 48
47 43
48 49
49 50
50 51
51 52
51 78
51 83
52 53
53 54
53 57
54 55
55 56
56 13
57 58
58 59
58 60
59 55
60 61
61 62
62 63
63 64
63 76
63 77
64 65
64 72
64 75
65 66
65 71
66 67
67 68
68 69
69 70
70 13
71 67
72 73
73 71
73 74
74 69
75 73
76 73
77 67
78 79
78 81
78 82
79 80
79 57
80 58
81 53
82 53
83 58
84 85
84 87
84 88
85 86
85 45
86 46
87 41
88 41
89 46
90 34
91 92
91 94
91 95
92 93
92 31
93 32
94 30
95 30
96 32
97 23
98 21
99 100
99 102
99 103
100 101
100 20
101 21
102 19
103 19
104 9
105 106
106 104
106 107
107 11
108 106
109 9
110 106
111 6
112 109
112 110
113 2
114 14
115 25
116 36
117 48
118 60
119 105
120 102
121 94
122 87
123 81
124 72
