0 1 1
1 2 1
2 3 1
3 4 1
4 5 1
4 408 1
5 6 1
6 7 1
6 407 1
7 8 1
7 406 1
8 9 1
8 405 1
9 10 1
9 404 1
10 11 1
10 403 1
11 12 1
11 402 1
12 13 1
12 401 1
13 14 1
13 400 1
14 15 1
14 399 1
15 16 1
15 398 1
16 17 1
16 397 1
17 18 1
17 396 1
18 19 1
18 395 1
19 20 1
19 394 1
20 21 1
20 393 1
21 22 1
21 392 1
22 23 1
22 391 1
23 24 1
23 390 1
24 25 1
24 389 1
25 26 1
25 388 1
26 27 1
26 387 1
27 28 1
27 386 1
28 29 1
28 385 1
29 30 1
29 384 1
30 31 1
30 383 1
31 32 1
31 382 1
32 33 1
32 381 1
33 34 1
33 380 1
34 35 1
34 379 1
35 36 1
35 378 1
36 37 1
36 40 1
37 38 1
38 39 1
40 41 1
40 42 1
41 38 1
42 43 1
42 44 1
43 38 1
44 45 1
44 46 1
45 38 1
46 47 1
46 48 1
47 38 1
48 49 1
48 50 1
49 38 1
50 51 1
50 52 1
51 38 1
52 53 1
52 54 1
53 38 1
54 55 1
54 56 1
55 38 1
56 57 1
56 58 1
57 38 1
58 59 1
58 377 1
59 60 1
59 376 1
60 61 1
60 375 1
61 62 1
61 374 1
62 63 1
62 373 1
63 64 1
63 372 1
64 65 1
64 371 1
65 66 1
65 370 1
66 67 1
66 369 1
67 68 1
67 368 1
68 69 1
68 367 1
69 70 1
69 366 1
70 71 1
70 365 1
71 72 1
71 364 1
72 73 1
72 363 1
73 74 1
73 362 1
74 75 1
74 361 1
75 76 1
75 360 1
76 77 1
76 359 1
77 78 1
77 358 1
78 79 1
78 357 1
79 80 1
79 356 1
80 81 1
80 355 1
81 82 1
81 354 1
82 83 1
82 353 1
83 84 1
83 352 1
84 85 1
84 351 1
85 86 1
85 350 1
86 87 1
86 349 1
87 88 1
87 348 1
88 89 1
88 347 1
89 90 1
89 346 1
90 91 1
90 345 1
91 92 1
91 344 1
92 93 1
92 343 1
93 94 1
93 342 1
94 95 1
94 341 1
95 96 1
95 340 1
96 97 1
96 339 1
97 98 1
97 338 1
98 99 1
98 337 1
99 100 1
99 336 1
100 101 1
100 335 1
101 102 1
101 334 1
102 103 1
102 333 1
103 104 1
103 332 1
104 105 1
104 331 1
105 106 1
105 330 1
106 107 1
106 329 1
107 108 1
107 328 1
108 109 1
108 327 1
109 110 1
109 326 1
110 111 1
110 325 1
111 112 1
111 113 1
112 38 1
113 114 1
113 115 1
114 38 1
115 116 1
115 117 1
116 38 1
117 118 1
117 119 1
118 38 1
119 120 1
119 121 1
120 38 1
121 122 1
121 123 1
122 38 1
123 124 1
123 125 1
124 38 1
125 126 1
125 127 1
126 38 1
127 128 1
127 129 1
128 38 1
129 130 1
129 131 1
130 38 1
131 132 1
131 324 1
132 133 1
132 323 1
133 134 1
133 322 1
134 135 1
134 321 1
135 136 1
135 320 1
136 137 1
136 319 1
137 138 1
137 318 1
138 139 1
138 317 1
139 140 1
139 316 1
140 141 1
140 315 1
141 142 1
141 314 1
142 143 1
142 313 1
143 144 1
143 312 1
144 145 1
144 311 1
145 146 1
145 310 1
146 147 1
146 309 1
147 148 1
147 308 1
148 149 1
148 307 1
149 150 1
149 306 1
150 151 1
150 305 1
151 152 1
151 304 1
152 153 1
152 303 1
153 154 1
153 302 1
154 155 1
154 301 1
155 156 1
155 300 1
156 157 1
156 299 1
157 158 1
157 298 1
158 159 1
158 297 1
159 160 1
159 296 1
160 161 1
160 295 1
161 162 1
161 294 1
162 163 1
162 293 1
163 164 1
163 292 1
164 165 1
164 291 1
165 166 1
165 290 1
166 167 1
166 289 1
167 168 1
167 288 1
168 169 1
168 287 1
169 170 1
169 286 1
170 171 1
170 285 1
171 172 1
171 284 1
172 173 1
172 283 1
173 174 1
173 282 1
174 175 1
174 281 1
175 176 1
175 280 1
176 177 1
176 279 1
177 178 1
177 278 1
178 179 1
178 277 1
179 180 1
179 276 1
180 181 1
180 275 1
181 182 1
181 274 1
182 183 1
182 273 1
183 184 1
183 272 1
184 185 1
184 186 1
185 38 1
186 187 1
186 188 1
187 38 1
188 189 1
188 190 1
189 38 1
190 191 1
190 192 1
191 38 1
192 193 1
192 194 1
193 38 1
194 195 1
194 196 1
195 38 1
196 197 1
196 198 1
197 38 1
198 199 1
198 200 1
199 38 1
200 201 1
200 202 1
201 38 1
202 203 1
202 204 1
203 38 1
204 205 1
204 271 1
205 206 1
205 270 1
206 207 1
206 269 1
207 208 1
207 268 1
208 209 1
208 267 1
209 210 1
209 266 1
210 211 1
210 265 1
211 212 1
211 264 1
212 213 1
212 263 1
213 214 1
213 262 1
214 215 1
214 261 1
215 216 1
215 260 1
216 217 1
216 259 1
217 218 1
217 258 1
218 219 1
218 257 1
219 220 1
219 256 1
220 221 1
220 255 1
221 222 1
221 254 1
222 223 1
222 253 1
223 224 1
223 252 1
224 225 1
224 251 1
225 226 1
225 250 1
226 227 1
226 249 1
227 228 1
227 248 1
228 229 1
228 247 1
229 230 1
229 246 1
230 231 1
230 245 1
231 232 1
231 244 1
232 233 1
232 243 1
233 234 1
233 242 1
234 235 1
234 241 1
235 236 1
235 240 1
236 237 1
236 239 1
237 238 1
238 38 1
239 38 1
240 38 1
241 38 1
242 38 1
243 38 1
244 38 1
245 38 1
246 38 1
247 38 1
248 38 1
249 38 1
250 38 1
251 38 1
252 38 1
253 38 1
254 38 1
255 38 1
256 38 1
257 38 1
258 38 1
259 38 1
260 38 1
261 38 1
262 38 1
263 38 1
264 38 1
265 38 1
266 38 1
267 38 1
268 38 1
269 38 1
270 38 1
271 38 1
272 38 1
273 38 1
274 38 1
275 38 1
276 38 1
277 38 1
278 38 1
279 38 1
280 38 1
281 38 1
282 38 1
283 38 1
284 38 1
285 38 1
286 38 1
287 38 1
288 38 1
289 38 1
290 38 1
291 38 1
292 38 1
293 38 1
294 38 1
295 38 1
296 38 1
297 38 1
298 38 1
299 38 1
300 38 1
301 38 1
302 38 1
303 38 1
304 38 1
305 38 1
306 38 1
307 38 1
308 38 1
309 38 1
310 38 1
311 38 1
312 38 1
313 38 1
314 38 1
315 38 1
316 38 1
317 38 1
318 38 1
319 38 1
320 38 1
321 38 1
322 38 1
323 38 1
324 38 1
325 38 1
326 38 1
327 38 1
328 38 1
329 38 1
330 38 1
331 38 1
332 38 1
333 38 1
334 38 1
335 38 1
336 38 1
337 38 1
338 38 1
339 38 1
340 38 1
341 38 1
342 38 1
343 38 1
344 38 1
345 38 1
346 38 1
347 38 1
348 38 1
349 38 1
350 38 1
351 38 1
352 38 1
353 38 1
354 38 1
355 38 1
356 38 1
357 38 1
358 38 1
359 38 1
360 38 1
361 38 1
362 38 1
363 38 1
364 38 1
365 38 1
366 38 1
367 38 1
368 38 1
369 38 1
370 38 1
371 38 1
372 38 1
373 38 1
374 38 1
375 38 1
376 38 1
377 38 1
378 38 1
379 38 1
380 38 1
381 38 1
382 38 1
383 38 1
384 38 1
385 38 1
386 38 1
387 38 1
388 38 1
389 38 1
390 38 1
391 38 1
392 38 1
393 38 1
394 38 1
395 38 1
396 38 1
397 38 1
398 38 1
399 38 1
400 38 1
401 38 1
402 38 1
403 38 1
404 38 1
405 38 1
406 38 1
407 38 1
408 409 10
408 1402 1
408 1403 1
408 1404 1
408 1405 1
409 410 1
409 411 10
409 1399 1
409 1400 1
409 1401 1
410 6 1
411 412 10
411 1395 1
411 1396 1
411 1397 1
411 1398 1
412 413 1
412 414 1
412 415 1
412 416 10
412 1394 1
413 9 1
414 10 1
415 9 1
416 417 10
416 1390 1
416 1391 1
416 1392 1
416 1393 1
417 418 1
417 419 1
417 420 10
417 1388 1
417 1389 1
418 12 1
419 10 1
420 421 1
420 422 1
420 423 1
420 424 10
420 1387 1
421 12 1
422 13 1
423 11 1
424 425 1
424 426 1
424 427 1
424 428 10
424 1386 1
425 13 1
426 14 1
427 12 1
428 429 10
428 1382 1
428 1383 1
428 1384 1
428 1385 1
429 430 1
429 431 10
429 1379 1
429 1380 1
429 1381 1
430 14 1
431 432 1
431 433 1
431 434 10
431 1377 1
431 1378 1
432 15 1
433 16 1
434 435 1
434 436 1
434 437 1
434 438 1
434 439 10
435 18 1
436 16 1
437 17 1
438 17 1
439 440 10
439 1373 1
439 1374 1
439 1375 1
439 1376 1
440 441 1
440 442 1
440 443 10
440 1371 1
440 1372 1
441 19 1
442 20 1
443 444 1
443 445 1
443 446 1
443 447 1
443 448 10
444 20 1
445 20 1
446 21 1
447 19 1
448 449 1
448 450 1
448 451 1
448 452 10
448 1370 1
449 22 1
450 21 1
451 21 1
452 453 10
452 1366 1
452 1367 1
452 1368 1
452 1369 1
453 454 1
453 455 1
453 456 10
453 1364 1
453 1365 1
454 22 1
455 23 1
456 457 1
456 458 1
456 459 10
456 1362 1
456 1363 1
457 23 1
458 24 1
459 460 1
459 461 1
459 462 1
459 463 1
459 464 10
460 24 1
461 26 1
462 25 1
463 25 1
464 465 10
464 1358 1
464 1359 1
464 1360 1
464 1361 1
465 466 1
465 467 1
465 468 10
465 1356 1
465 1357 1
466 27 1
467 28 1
468 469 1
468 470 1
468 471 1
468 472 1
468 473 10
469 28 1
470 28 1
471 27 1
472 29 1
473 474 1
473 475 1
473 476 10
473 1354 1
473 1355 1
474 29 1
475 29 1
476 477 10
476 1350 1
476 1351 1
476 1352 1
476 1353 1
477 478 1
477 479 10
477 1347 1
477 1348 1
477 1349 1
478 30 1
479 480 1
479 481 1
479 482 10
479 1345 1
479 1346 1
480 31 1
481 32 1
482 483 1
482 484 1
482 485 1
482 486 1
482 487 10
483 32 1
484 34 1
485 33 1
486 33 1
487 488 10
487 1341 1
487 1342 1
487 1343 1
487 1344 1
488 489 1
488 490 1
488 491 1
488 1339 1
488 1340 1
489 35 1
490 36 1
491 492 1
491 493 1
491 494 1
491 495 1
491 496 10
492 40 1
493 36 1
494 35 1
495 36 1
496 497 1
496 498 10
496 1336 1
496 1337 1
496 1338 1
497 40 1
498 499 10
498 1332 1
498 1333 1
498 1334 1
498 1335 1
499 500 1
499 501 1
499 502 1
499 503 10
499 1331 1
500 46 1
501 42 1
502 44 1
503 504 1
503 505 1
503 506 1
503 507 1
503 508 10
504 44 1
505 48 1
506 46 1
507 46 1
508 509 1
508 510 1
508 511 1
508 512 1
508 513 10
509 46 1
510 50 1
511 48 1
512 48 1
513 514 10
513 1327 1
513 1328 1
513 1329 1
513 1330 1
514 515 1
514 516 1
514 517 10
514 1325 1
514 1326 1
515 52 1
516 52 1
517 518 1
517 519 1
517 520 1
517 521 1
517 522 10
518 54 1
519 56 1
520 52 1
521 54 1
522 523 1
522 524 10
522 1322 1
522 1323 1
522 1324 1
523 56 1
524 525 1
524 526 1
524 527 1
524 528 1
524 529 10
525 58 1
526 58 1
527 59 1
528 56 1
529 530 1
529 531 1
529 532 1
529 533 10
529 1321 1
530 60 1
531 58 1
532 59 1
533 534 1
533 535 1
533 536 1
533 537 1
533 538 1
534 59 1
535 61 1
536 60 1
537 60 1
538 539 1
538 540 1
538 541 1
538 542 1
538 543 10
539 62 1
540 60 1
541 61 1
542 61 1
543 544 10
543 1317 1
543 1318 1
543 1319 1
543 1320 1
544 545 1
544 546 1
544 547 1
544 548 10
544 1316 1
545 63 1
546 64 1
547 63 1
548 549 1
548 550 1
548 551 1
548 552 1
548 1315 1
549 64 1
550 65 1
551 63 1
552 553 10
552 1311 1
552 1312 1
552 1313 1
552 1314 1
553 554 1
553 555 10
553 1308 1
553 1309 1
553 1310 1
554 65 1
555 556 1
555 557 1
555 558 1
555 559 10
555 1307 1
556 67 1
557 66 1
558 67 1
559 560 1
559 561 1
559 562 1
559 563 10
559 1306 1
560 67 1
561 69 1
562 68 1
563 564 10
563 1302 1
563 1303 1
563 1304 1
563 1305 1
564 565 10
564 1298 1
564 1299 1
564 1300 1
564 1301 1
565 566 1
565 567 1
565 568 10
565 1296 1
565 1297 1
566 71 1
567 71 1
568 569 1
568 570 1
568 571 1
568 572 10
568 1295 1
569 72 1
570 73 1
571 71 1
572 573 1
572 1291 1
572 1292 1
572 1293 1
572 1294 1
573 574 1
573 575 1
573 1288 1
573 1289 1
573 1290 1
574 73 1
575 576 1
575 577 1
575 578 10
575 1286 1
575 1287 1
576 75 1
577 74 1
578 579 1
578 580 1
578 581 1
578 582 10
578 1285 1
579 75 1
580 77 1
581 76 1
582 583 10
582 1281 1
582 1282 1
582 1283 1
582 1284 1
583 584 10
583 1277 1
583 1278 1
583 1279 1
583 1280 1
584 585 1
584 586 1
584 587 10
584 1275 1
584 1276 1
585 79 1
586 79 1
587 588 1
587 589 1
587 590 1
587 591 1
587 592 10
588 80 1
589 80 1
590 81 1
591 79 1
592 593 10
592 1271 1
592 1272 1
592 1273 1
592 1274 1
593 594 1
593 595 10
593 1268 1
593 1269 1
593 1270 1
594 81 1
595 596 1
595 597 1
595 598 1
595 599 10
595 1267 1
596 84 1
597 82 1
598 83 1
599 600 1
599 601 1
599 602 1
599 603 1
599 604 10
600 83 1
601 85 1
602 84 1
603 84 1
604 605 10
604 1263 1
604 1264 1
604 1265 1
604 1266 1
605 606 1
605 607 10
605 1260 1
605 1261 1
605 1262 1
606 86 1
607 608 1
607 609 1
607 610 1
607 611 10
607 1259 1
608 88 1
609 87 1
610 87 1
611 612 1
611 613 1
611 614 1
611 615 10
611 1258 1
612 88 1
613 88 1
614 89 1
615 616 10
615 1254 1
615 1255 1
615 1256 1
615 1257 1
616 617 1
616 618 10
616 1251 1
616 1252 1
616 1253 1
617 89 1
618 619 1
618 620 1
618 621 1
618 622 10
618 1250 1
619 92 1
620 90 1
621 91 1
622 623 1
622 624 1
622 625 1
622 626 10
622 1249 1
623 91 1
624 92 1
625 92 1
626 627 10
626 1245 1
626 1246 1
626 1247 1
626 1248 1
627 628 1
627 629 10
627 1242 1
627 1243 1
627 1244 1
628 94 1
629 630 1
629 631 1
629 632 1
629 633 1
629 634 10
630 95 1
631 96 1
632 95 1
633 94 1
634 635 1
634 636 1
634 637 10
634 1240 1
634 1241 1
635 96 1
636 96 1
637 638 1
637 639 10
637 1237 1
637 1238 1
637 1239 1
638 98 1
639 640 1
639 641 1
639 642 10
639 1235 1
639 1236 1
640 97 1
641 98 1
642 643 1
642 644 1
642 645 10
642 1233 1
642 1234 1
643 98 1
644 99 1
645 646 1
645 647 1
645 648 1
645 649 1
645 650 10
646 99 1
647 101 1
648 100 1
649 100 1
650 651 10
650 1229 1
650 1230 1
650 1231 1
650 1232 1
651 652 1
651 653 1
651 1226 1
651 1227 1
651 1228 1
652 102 1
653 654 1
653 655 1
653 656 1
653 657 1
653 658 10
654 104 1
655 103 1
656 103 1
657 102 1
658 659 1
658 660 1
658 661 10
658 1224 1
658 1225 1
659 104 1
660 104 1
661 662 10
661 1220 1
661 1221 1
661 1222 1
661 1223 1
662 663 1
662 664 1
662 665 10
662 1218 1
662 1219 1
663 105 1
664 106 1
665 666 1
665 667 1
665 668 10
665 1216 1
665 1217 1
666 106 1
667 107 1
668 669 1
668 670 1
668 671 1
668 672 1
668 673 10
669 107 1
670 109 1
671 108 1
672 108 1
673 674 10
673 1212 1
673 1213 1
673 1214 1
673 1215 1
674 675 1
674 676 1
674 677 10
674 1210 1
674 1211 1
675 110 1
676 111 1
677 678 1
677 679 1
677 680 1
677 681 1
677 682 10
678 111 1
679 111 1
680 113 1
681 110 1
682 683 1
682 684 10
682 1207 1
682 1208 1
682 1209 1
683 113 1
684 685 10
684 1203 1
684 1204 1
684 1205 1
684 1206 1
685 686 1
685 687 1
685 688 1
685 689 10
685 1202 1
686 119 1
687 115 1
688 117 1
689 690 1
689 691 1
689 692 1
689 693 10
689 1201 1
690 117 1
691 119 1
692 121 1
693 694 1
693 695 1
693 696 1
693 697 1
693 698 1
694 123 1
695 119 1
696 121 1
697 121 1
698 699 1
698 700 1
698 1198 1
698 1199 1
698 1200 1
699 125 1
700 701 1
700 702 1
700 703 10
700 1196 1
700 1197 1
701 125 1
702 125 1
703 704 1
703 705 1
703 706 1
703 707 1
703 708 10
704 127 1
705 127 1
706 129 1
707 125 1
708 709 1
708 710 1
708 711 10
708 1194 1
708 1195 1
709 131 1
710 129 1
711 712 1
711 713 1
711 714 1
711 715 1
711 716 10
712 132 1
713 131 1
714 131 1
715 129 1
716 717 1
716 718 1
716 719 10
716 1192 1
716 1193 1
717 131 1
718 132 1
719 720 1
719 721 1
719 722 1
719 723 1
719 724 10
720 133 1
721 132 1
722 134 1
723 133 1
724 725 1
724 726 1
724 727 1
724 728 1
724 729 10
725 135 1
726 133 1
727 134 1
728 134 1
729 730 1
729 731 10
729 1189 1
729 1190 1
729 1191 1
730 136 1
731 732 1
731 733 1
731 734 10
731 1187 1
731 1188 1
732 136 1
733 136 1
734 735 1
734 736 1
734 737 1
734 738 10
734 1186 1
735 137 1
736 138 1
737 136 1
738 739 10
738 1182 1
738 1183 1
738 1184 1
738 1185 1
739 740 1
739 741 1
739 742 10
739 1180 1
739 1181 1
740 138 1
741 140 1
742 743 1
742 744 1
742 745 10
742 1178 1
742 1179 1
743 139 1
744 140 1
745 746 1
745 747 1
745 748 1
745 749 10
745 1177 1
746 140 1
747 142 1
748 141 1
749 750 10
749 1173 1
749 1174 1
749 1175 1
749 1176 1
750 751 1
750 752 10
750 1170 1
750 1171 1
750 1172 1
751 144 1
752 753 1
752 754 1
752 755 10
752 1168 1
752 1169 1
753 144 1
754 144 1
755 756 1
755 757 1
755 758 1
755 759 10
755 1167 1
756 145 1
757 146 1
758 144 1
759 760 10
759 1163 1
759 1164 1
759 1165 1
759 1166 1
760 761 1
760 762 1
760 763 10
760 1161 1
760 1162 1
761 146 1
762 148 1
763 764 1
763 765 1
763 766 10
763 1159 1
763 1160 1
764 147 1
765 148 1
766 767 1
766 768 1
766 769 1
766 770 10
766 1158 1
767 148 1
768 150 1
769 149 1
770 771 10
770 1154 1
770 1155 1
770 1156 1
770 1157 1
771 772 1
771 773 10
771 1151 1
771 1152 1
771 1153 1
772 152 1
773 774 1
773 775 1
773 776 10
773 1149 1
773 1150 1
774 152 1
775 152 1
776 777 1
776 778 1
776 779 1
776 780 1
776 781 10
777 153 1
778 153 1
779 154 1
780 152 1
781 782 10
781 1145 1
781 1146 1
781 1147 1
781 1148 1
782 783 1
782 784 1
782 1142 1
782 1143 1
782 1144 1
783 154 1
784 785 1
784 786 1
784 787 10
784 1140 1
784 1141 1
785 157 1
786 155 1
787 788 1
787 789 1
787 790 1
787 791 1
787 792 10
788 156 1
789 158 1
790 157 1
791 157 1
792 793 10
792 1136 1
792 1137 1
792 1138 1
792 1139 1
793 794 1
793 795 10
793 1133 1
793 1134 1
793 1135 1
794 159 1
795 796 1
795 797 1
795 798 1
795 799 10
795 1132 1
796 160 1
797 161 1
798 160 1
799 800 1
799 801 1
799 802 1
799 803 1
799 804 10
800 161 1
801 161 1
802 162 1
803 160 1
804 805 10
804 1128 1
804 1129 1
804 1130 1
804 1131 1
805 806 1
805 807 1
805 808 10
805 1126 1
805 1127 1
806 162 1
807 164 1
808 809 1
808 810 1
808 811 10
808 1124 1
808 1125 1
809 163 1
810 164 1
811 812 1
811 813 1
811 814 1
811 815 1
811 816 10
812 164 1
813 165 1
814 165 1
815 166 1
816 817 1
816 1120 1
816 1121 1
816 1122 1
816 1123 1
817 818 1
817 819 1
817 820 10
817 1118 1
817 1119 1
818 167 1
819 168 1
820 821 1
820 822 1
820 823 1
820 824 1
820 825 10
821 168 1
822 168 1
823 167 1
824 169 1
825 826 1
825 827 1
825 828 10
825 1116 1
825 1117 1
826 169 1
827 169 1
828 829 10
828 1112 1
828 1113 1
828 1114 1
828 1115 1
829 830 1
829 831 1
829 832 10
829 1110 1
829 1111 1
830 170 1
831 171 1
832 833 1
832 834 1
832 835 10
832 1108 1
832 1109 1
833 171 1
834 172 1
835 836 1
835 837 1
835 838 1
835 839 10
835 1107 1
836 172 1
837 173 1
838 173 1
839 840 10
839 1103 1
839 1104 1
839 1105 1
839 1106 1
840 841 1
840 842 10
840 1100 1
840 1101 1
840 1102 1
841 175 1
842 843 1
842 844 1
842 845 1
842 846 1
842 847 10
843 176 1
844 176 1
845 175 1
846 177 1
847 848 1
847 849 1
847 850 10
847 1098 1
847 1099 1
848 177 1
849 177 1
850 851 10
850 1094 1
850 1095 1
850 1096 1
850 1097 1
851 852 1
851 853 1
851 854 10
851 1092 1
851 1093 1
852 178 1
853 179 1
854 855 1
854 856 1
854 857 10
854 1090 1
854 1091 1
855 179 1
856 180 1
857 858 1
857 859 1
857 860 1
857 861 1
857 862 10
858 182 1
859 180 1
860 181 1
861 181 1
862 863 10
862 1086 1
862 1087 1
862 1088 1
862 1089 1
863 864 1
863 865 10
863 1083 1
863 1084 1
863 1085 1
864 183 1
865 866 1
865 867 1
865 868 1
865 869 1
865 870 10
866 184 1
867 186 1
868 183 1
869 184 1
870 871 1
870 872 10
870 1080 1
870 1081 1
870 1082 1
871 186 1
872 873 10
872 1076 1
872 1077 1
872 1078 1
872 1079 1
873 874 1
873 875 1
873 876 10
873 1074 1
873 1075 1
874 188 1
875 190 1
876 877 1
876 878 1
876 879 1
876 880 1
876 881 1
877 190 1
878 194 1
879 192 1
880 192 1
881 882 1
881 883 1
881 884 1
881 885 1
881 886 1
882 196 1
883 192 1
884 194 1
885 194 1
886 887 1
886 1070 1
886 1071 1
886 1072 1
886 1073 1
887 888 1
887 889 1
887 890 1
887 1068 1
887 1069 1
888 198 1
889 198 1
890 891 1
890 892 1
890 893 1
890 894 1
890 895 1
891 200 1
892 202 1
893 200 1
894 198 1
895 896 1
895 897 1
895 898 1
895 1066 1
895 1067 1
896 204 1
897 202 1
898 899 1
898 900 1
898 901 1
898 902 1
898 903 1
899 205 1
900 204 1
901 204 1
902 202 1
903 904 1
903 905 1
903 906 1
903 1064 1
903 1065 1
904 204 1
905 205 1
906 907 1
906 908 1
906 909 1
906 910 1
906 911 1
907 205 1
908 206 1
909 207 1
910 206 1
911 912 1
911 913 1
911 914 1
911 915 1
911 916 1
912 208 1
913 206 1
914 207 1
915 207 1
916 917 1
916 1060 1
916 1061 1
916 1062 1
916 1063 1
917 918 1
917 919 1
917 920 1
917 1058 1
917 1059 1
918 209 1
919 209 1
920 921 1
920 922 1
920 923 1
920 924 1
920 1057 1
921 210 1
922 211 1
923 209 1
924 925 1
924 1053 1
924 1054 1
924 1055 1
924 1056 1
925 926 1
925 927 1
925 1050 1
925 1051 1
925 1052 1
926 211 1
927 928 1
927 929 1
927 930 1
927 931 1
927 1049 1
928 213 1
929 212 1
930 213 1
931 932 1
931 933 1
931 934 1
931 935 1
931 1048 1
932 213 1
933 215 1
934 214 1
935 936 1
935 1044 1
935 1045 1
935 1046 1
935 1047 1
936 937 1
936 1040 1
936 1041 1
936 1042 1
936 1043 1
937 938 1
937 939 1
937 940 1
937 1038 1
937 1039 1
938 217 1
939 217 1
940 941 1
940 942 1
940 943 1
940 944 1
940 1037 1
941 218 1
942 219 1
943 217 1
944 945 1
944 1033 1
944 1034 1
944 1035 1
944 1036 1
945 946 1
945 947 1
945 1030 1
945 1031 1
945 1032 1
946 219 1
947 948 1
947 949 1
947 950 1
947 951 1
947 1029 1
948 221 1
949 220 1
950 221 1
951 952 1
951 953 1
951 954 1
951 955 1
951 1028 1
952 221 1
953 223 1
954 222 1
955 956 1
955 1024 1
955 1025 1
955 1026 1
955 1027 1
956 957 1
956 1020 1
956 1021 1
956 1022 1
956 1023 1
957 958 1
957 959 1
957 960 1
957 1018 1
957 1019 1
958 225 1
959 225 1
960 961 1
960 962 1
960 963 1
960 964 1
960 965 1
961 226 1
962 226 1
963 227 1
964 225 1
965 966 1
965 1014 1
965 1015 1
965 1016 1
965 1017 1
966 967 1
966 968 1
966 1011 1
966 1012 1
966 1013 1
967 227 1
968 969 1
968 970 1
968 1008 1
968 1009 1
968 1010 1
969 228 1
970 971 1
970 972 1
970 973 1
970 974 1
970 975 1
971 229 1
972 231 1
973 230 1
974 230 1
975 976 1
975 1004 1
975 1005 1
975 1006 1
975 1007 1
976 977 1
976 978 1
976 1001 1
976 1002 1
976 1003 1
977 232 1
978 979 1
978 980 1
978 981 1
978 999 1
978 1000 1
979 233 1
980 233 1
981 982 1
981 983 1
981 984 1
981 985 1
981 986 1
982 234 1
983 234 1
984 235 1
985 233 1
986 987 1
986 995 1
986 996 1
986 997 1
986 998 1
987 988 1
987 989 1
987 990 1
987 991 1
987 992 1
987 993 1
987 994 1
988 235 1
989 236 1
990 237 1
991 236 1
992 236 1
993 237 1
994 237 1
995 235 1
996 236 1
997 235 1
998 234 1
999 234 1
1000 232 1
1001 231 1
1002 232 1
1003 233 1
1004 232 1
1005 230 1
1006 231 1
1007 231 1
1008 229 1
1009 230 1
1010 229 1
1011 228 1
1012 228 1
1013 229 1
1014 228 1
1015 227 1
1016 227 1
1017 226 1
1018 226 1
1019 224 1
1020 224 1
1021 223 1
1022 225 1
1023 224 1
1024 224 1
1025 222 1
1026 223 1
1027 223 1
1028 222 1
1029 222 1
1030 220 1
1031 220 1
1032 221 1
1033 220 1
1034 219 1
1035 219 1
1036 218 1
1037 218 1
1038 218 1
1039 216 1
1040 216 1
1041 215 1
1042 217 1
1043 216 1
1044 216 1
1045 214 1
1046 215 1
1047 215 1
1048 214 1
1049 214 1
1050 212 1
1051 212 1
1052 213 1
1053 211 1
1054 212 1
1055 211 1
1056 210 1
1057 210 1
1058 208 1
1059 210 1
1060 208 1
1061 207 1
1062 209 1
1063 208 1
1064 205 1
1065 206 1
1066 202 1
1067 200 1
1068 200 1
1069 196 1
1070 194 1
1071 196 1
1072 198 1
1073 196 1
1074 192 1
1075 190 1
1076 188 1
1077 188 1
1078 190 1
1079 186 1
1080 186 1
1081 184 1
1082 188 1
1083 182 1
1084 184 1
1085 183 1
1086 183 1
1087 181 1
1088 182 1
1089 182 1
1090 181 1
1091 180 1
1092 179 1
1093 180 1
1094 179 1
1095 178 1
1096 178 1
1097 177 1
1098 176 1
1099 178 1
1100 176 1
1101 174 1
1102 175 1
1103 175 1
1104 173 1
1105 174 1
1106 174 1
1107 174 1
1108 173 1
1109 172 1
1110 171 1
1111 172 1
1112 171 1
1113 170 1
1114 170 1
1115 169 1
1116 170 1
1117 168 1
1118 166 1
1119 167 1
1120 167 1
1121 165 1
1122 166 1
1123 166 1
1124 164 1
1125 165 1
1126 163 1
1127 163 1
1128 162 1
1129 162 1
1130 163 1
1131 161 1
1132 159 1
1133 158 1
1134 159 1
1135 160 1
1136 157 1
1137 159 1
1138 158 1
1139 158 1
1140 156 1
1141 156 1
1142 155 1
1143 155 1
1144 156 1
1145 154 1
1146 155 1
1147 154 1
1148 153 1
1149 151 1
1150 153 1
1151 151 1
1152 150 1
1153 151 1
1154 151 1
1155 149 1
1156 150 1
1157 150 1
1158 149 1
1159 148 1
1160 149 1
1161 147 1
1162 147 1
1163 146 1
1164 147 1
1165 146 1
1166 145 1
1167 145 1
1168 143 1
1169 145 1
1170 143 1
1171 142 1
1172 143 1
1173 143 1
1174 141 1
1175 142 1
1176 142 1
1177 141 1
1178 140 1
1179 141 1
1180 139 1
1181 139 1
1182 138 1
1183 139 1
1184 138 1
1185 137 1
1186 137 1
1187 135 1
1188 137 1
1189 135 1
1190 134 1
1191 135 1
1192 132 1
1193 133 1
1194 129 1
1195 127 1
1196 123 1
1197 127 1
1198 121 1
1199 123 1
1200 123 1
1201 119 1
1202 117 1
1203 115 1
1204 115 1
1205 117 1
1206 113 1
1207 115 1
1208 113 1
1209 111 1
1210 109 1
1211 110 1
1212 108 1
1213 110 1
1214 109 1
1215 109 1
1216 108 1
1217 107 1
1218 106 1
1219 107 1
1220 105 1
1221 105 1
1222 106 1
1223 104 1
1224 105 1
1225 103 1
1226 103 1
1227 101 1
1228 102 1
1229 100 1
1230 102 1
1231 101 1
1232 101 1
1233 100 1
1234 99 1
1235 98 1
1236 99 1
1237 97 1
1238 97 1
1239 96 1
1240 97 1
1241 95 1
1242 93 1
1243 95 1
1244 94 1
1245 92 1
1246 94 1
1247 93 1
1248 93 1
1249 93 1
1250 91 1
1251 90 1
1252 90 1
1253 91 1
1254 89 1
1255 89 1
1256 90 1
1257 88 1
1258 87 1
1259 86 1
1260 87 1
1261 85 1
1262 86 1
1263 84 1
1264 86 1
1265 85 1
1266 85 1
1267 83 1
1268 82 1
1269 82 1
1270 83 1
1271 81 1
1272 81 1
1273 82 1
1274 80 1
1275 78 1
1276 80 1
1277 79 1
1278 78 1
1279 77 1
1280 78 1
1281 76 1
1282 78 1
1283 77 1
1284 77 1
1285 76 1
1286 75 1
1287 76 1
1288 74 1
1289 74 1
1290 75 1
1291 73 1
1292 74 1
1293 73 1
1294 72 1
1295 72 1
1296 70 1
1297 72 1
1298 71 1
1299 70 1
1300 69 1
1301 70 1
1302 68 1
1303 70 1
1304 69 1
1305 69 1
1306 68 1
1307 68 1
1308 66 1
1309 66 1
1310 67 1
1311 65 1
1312 66 1
1313 65 1
1314 64 1
1315 64 1
1316 62 1
1317 62 1
1318 61 1
1319 63 1
1320 62 1
1321 59 1
1322 58 1
1323 56 1
1324 54 1
1325 50 1
1326 54 1
1327 48 1
1328 50 1
1329 52 1
1330 50 1
1331 44 1
1332 42 1
1333 42 1
1334 44 1
1335 40 1
1336 42 1
1337 40 1
1338 36 1
1339 34 1
1340 35 1
1341 33 1
1342 35 1
1343 34 1
1344 34 1
1345 33 1
1346 32 1
1347 31 1
1348 31 1
1349 32 1
1350 30 1
1351 30 1
1352 31 1
1353 29 1
1354 30 1
1355 28 1
1356 26 1
1357 27 1
1358 25 1
1359 27 1
1360 26 1
1361 26 1
1362 25 1
1363 24 1
1364 23 1
1365 24 1
1366 22 1
1367 22 1
1368 23 1
1369 21 1
1370 20 1
1371 18 1
1372 19 1
1373 17 1
1374 19 1
1375 18 1
1376 18 1
1377 17 1
1378 16 1
1379 15 1
1380 15 1
1381 16 1
1382 14 1
1383 14 1
1384 15 1
1385 13 1
1386 13 1
1387 12 1
1388 11 1
1389 11 1
1390 10 1
1391 10 1
1392 9 1
1393 11 1
1394 8 1
1395 7 1
1396 9 1
1397 8 1
1398 8 1
1399 7 1
1400 7 1
1401 8 1
1402 6 1
1403 7 1
1404 6 1
1405 6 1
