0 1 1
1 2 1
2 3 1
3 4 1
3 13 1
3 21 1
3 45 1
3 47 1
3 48 1
3 49 1
3 51 1
4 5 1
4 12 1
5 6 1
5 11 1
6 7 1
6 10 1
7 8 1
8 9 1
10 8 1
11 10 1
12 11 1
13 14 1
13 20 1
14 15 1
14 19 1
15 16 1
15 18 1
16 17 1
17 9 1
18 17 1
19 18 1
20 19 1
21 22 1
22 14 1
22 23 1
22 38 1
22 5 1
22 39 1
22 40 1
22 42 1
22 43 1
23 24 1
24 6 1
24 25 1
24 29 1
24 33 1
24 15 1
24 35 1
24 36 1
24 37 1
25 26 1
25 28 1
26 27 1
27 9 1
28 27 1
29 30 1
29 32 1
30 31 1
31 9 1
32 31 1
33 34 1
34 7 1
34 30 1
34 26 1
34 16 1
35 34 1
36 34 1
37 34 1
38 24 1
39 24 1
40 29 1
40 41 1
41 32 1
42 24 1
43 25 1
43 44 1
44 28 1
45 40 1
45 46 1
46 41 1
47 22 1
48 22 1
49 43 1
49 50 1
50 44 1
51 22 1
52 53 1
53 51 1
54 55 1
55 38 1
56 57 1
57 37 1
58 59 1
59 60 1
60 3 1
61 62 1
62 48 1
63 64 1
64 42 1
65 66 1
66 33 1
67 68 1
68 69 1
69 3 1
70 71 1
71 21 1
72 73 1
73 23 1
74 75 1
75 35 1
76 77 1
77 78 1
78 3 1
79 80 1
80 47 1
81 82 1
82 39 1
83 84 1
84 36 1
85 2 1
86 60 1
87 69 1
88 78 1
89 90 1
90 91 1
90 92 1
90 93 1
90 94 1
91 59 1
91 66 1
91 62 1
91 64 1
92 1 1
92 57 1
92 53 1
92 55 1
93 84 1
93 77 1
93 80 1
93 82 1
94 75 1
94 68 1
94 71 1
94 73 1
95 91 1
95 92 1
95 93 1
95 94 1
96 3 1
96 97 1
97 98 1
97 22 1
98 24 1
98 99 1
99 34 1
