0 1
0 77
1 2
1 76
2 3
2 75
3 4
3 74
4 5
4 73
5 6
5 72
6 7
6 71
7 8
7 70
8 9
8 69
9 10
9 11
11 12
11 68
12 13
12 14
14 15
14 67
15 16
15 17
17 18
17 66
18 19
18 20
20 21
20 65
21 22
21 23
23 24
23 64
24 25
24 26
26 27
26 63
27 28
27 29
29 30
29 62
30 31
30 32
32 33
32 61
33 34
33 35
35 36
35 60
36 37
36 38
38 39
38 59
39 40
39 58
40 41
40 57
41 42
41 56
42 43
42 55
43 44
43 54
44 45
44 53
45 46
45 52
46 47
46 51
47 48
47 50
48 49
77 2
77 78
78 3
78 79
79 4
79 80
80 5
80 81
81 6
81 82
82 7
82 83
83 8
83 84
84 9
84 85
85 86
85 11
86 12
86 87
87 88
87 14
88 15
88 89
89 90
89 17
90 18
90 91
91 92
91 20
92 21
92 93
93 94
93 23
94 24
94 95
95 96
95 26
96 27
96 97
97 98
97 29
98 99
98 30
99 100
99 32
100 101
100 33
101 102
101 35
102 103
102 36
103 104
103 38
104 105
104 39
105 106
105 40
106 107
106 41
107 108
107 42
108 109
108 43
109 110
109 44
110 111
110 45
111 112
111 46
112 113
112 47
113 48
114 115
114 226
115 116
115 224
116 117
116 222
117 118
117 220
118 119
118 218
119 120
119 216
120 121
120 214
121 122
121 212
122 123
122 210
123 124
123 208
124 125
124 206
125 126
125 204
126 127
126 202
127 128
127 200
128 129
128 198
129 130
129 196
130 131
130 175
131 132
131 174
132 133
132 173
133 134
133 172
134 135
134 171
135 136
135 170
136 137
136 169
137 138
137 139
139 140
139 168
140 141
140 142
142 143
142 167
143 144
143 145
145 146
145 166
146 147
146 148
148 149
148 165
149 150
149 151
151 152
151 164
152 153
152 154
154 155
154 163
155 156
155 157
157 158
157 162
158 159
158 160
160 161
175 176
175 132
176 133
176 177
177 178
177 134
178 135
178 179
179 180
179 136
180 137
180 181
181 182
181 139
182 140
182 183
183 184
183 142
184 143
184 185
185 186
185 145
186 146
186 187
187 188
187 148
188 149
188 189
189 190
189 151
190 152
190 191
191 192
191 154
192 155
192 193
193 194
193 157
194 158
194 195
195 160
196 131
196 197
198 196
198 199
200 198
200 201
202 200
202 203
204 202
204 205
206 204
206 207
208 206
208 209
210 208
210 211
212 210
212 213
214 212
214 215
216 214
216 217
218 216
218 219
220 218
220 221
222 220
222 223
224 222
224 225
226 224
226 227
228 229
228 340
229 230
229 338
230 231
230 336
231 232
231 334
232 233
232 332
233 234
233 330
234 235
234 328
235 236
235 326
236 237
236 324
237 238
237 322
238 239
238 320
239 240
239 318
240 241
240 316
241 242
241 314
242 243
242 312
243 244
243 310
244 245
244 308
245 246
245 306
246 247
246 304
247 248
247 302
248 249
248 300
249 250
249 298
250 251
250 296
251 252
251 294
252 253
252 292
253 254
253 290
254 255
254 288
255 256
255 286
256 257
256 284
257 258
257 282
258 259
258 280
259 260
259 278
260 261
260 276
261 262
261 274
262 263
262 272
263 264
263 270
264 265
264 268
265 266
266 267
268 266
268 269
270 268
270 271
272 270
272 273
274 272
274 275
276 274
276 277
278 276
278 279
280 278
280 281
282 280
282 283
284 282
284 285
286 284
286 287
288 286
288 289
290 288
290 291
292 290
292 293
294 292
294 295
296 294
296 297
298 296
298 299
300 298
300 301
302 300
302 303
304 302
304 305
306 304
306 307
308 306
308 309
310 308
310 311
312 310
312 313
314 312
314 315
316 317
316 314
318 316
318 319
320 321
320 318
322 320
322 323
324 325
324 322
326 327
326 324
328 329
328 326
330 331
330 328
332 333
332 330
334 335
334 332
336 337
336 334
338 339
338 336
340 341
340 338
342 343
342 454
343 344
343 452
344 345
344 450
345 346
345 448
346 347
346 446
347 348
347 444
348 349
348 442
349 350
349 440
350 351
350 438
351 352
351 410
352 353
352 354
354 355
354 409
355 356
355 357
357 358
357 408
358 359
358 360
360 361
360 407
361 362
361 363
363 364
363 406
364 365
364 366
366 367
366 405
367 368
367 369
369 370
369 404
370 371
370 372
372 373
372 403
373 374
373 375
375 376
375 377
377 378
377 402
378 379
378 380
380 381
380 401
381 382
381 383
383 384
383 400
384 385
384 386
386 387
386 399
387 388
387 389
389 390
389 398
390 391
390 392
392 393
392 397
393 394
393 395
395 396
410 411
410 354
411 355
411 412
412 413
412 357
413 358
413 414
414 415
414 360
415 361
415 416
416 417
416 363
417 364
417 418
418 419
418 366
419 367
419 420
420 421
420 369
421 370
421 422
422 423
422 372
423 373
423 424
424 425
424 375
425 426
425 377
426 378
426 427
427 428
427 380
428 381
428 429
429 430
429 383
430 384
430 431
431 432
431 386
432 387
432 433
433 434
433 389
434 435
434 390
435 436
435 392
436 437
436 393
437 395
438 352
438 439
440 438
440 441
442 440
442 443
444 442
444 445
446 444
446 447
448 446
448 449
450 448
450 451
452 450
452 453
454 452
454 455
456 457
456 568
457 458
457 566
458 459
458 564
459 460
459 562
460 461
460 560
461 462
461 558
462 463
462 556
463 464
463 554
464 465
464 552
465 466
465 550
466 467
466 548
467 468
467 546
468 469
468 544
469 470
469 542
470 471
470 540
471 472
471 538
472 473
472 536
473 474
473 534
474 475
474 532
475 476
475 530
476 477
476 528
477 478
477 526
478 479
478 524
479 480
479 522
480 481
480 520
481 482
481 518
482 483
482 516
483 484
483 506
484 485
484 505
485 486
485 504
486 487
486 503
487 488
487 502
488 489
488 501
489 490
489 500
490 491
490 492
492 493
492 499
493 494
493 495
495 496
495 498
496 497
506 507
506 485
507 486
507 508
508 509
508 487
509 488
509 510
510 511
510 489
511 490
511 512
512 513
512 492
513 493
513 514
514 515
514 495
515 496
516 484
516 517
518 516
518 519
520 518
520 521
522 520
522 523
524 522
524 525
526 524
526 527
528 526
528 529
530 528
530 531
532 530
532 533
534 532
534 535
536 534
536 537
538 536
538 539
540 538
540 541
542 540
542 543
544 542
544 545
546 544
546 547
548 546
548 549
550 548
550 551
552 550
552 553
554 552
554 555
556 554
556 557
558 556
558 559
560 558
560 561
562 560
562 563
564 562
564 565
566 564
566 567
568 569
568 566
570 571
570 647
571 572
571 573
573 574
573 575
575 576
575 577
577 578
577 579
579 580
579 581
581 582
581 583
583 584
583 585
585 586
585 587
587 588
587 646
588 589
588 590
590 591
590 645
591 592
591 593
593 594
593 644
594 595
594 596
596 597
596 643
597 598
597 599
599 600
599 642
600 601
600 602
602 603
602 641
603 604
603 605
605 606
605 640
606 607
606 608
608 609
608 639
609 610
609 611
611 612
611 638
612 613
612 614
614 615
614 637
615 616
615 636
616 617
616 635
617 618
617 634
618 619
618 633
619 620
619 632
620 621
620 631
621 622
621 630
622 623
622 629
623 624
623 628
624 625
624 627
625 626
647 648
647 573
648 649
648 575
649 650
649 577
650 651
650 579
651 652
651 581
652 653
652 583
653 654
653 585
654 655
654 587
655 588
655 656
656 657
656 590
657 591
657 658
658 659
658 593
659 594
659 660
660 661
660 596
661 597
661 662
662 663
662 599
663 600
663 664
664 665
664 602
665 603
665 666
666 667
666 605
667 668
667 606
668 669
668 608
669 670
669 609
670 671
670 611
671 672
671 612
672 673
672 614
673 674
673 615
674 675
674 616
675 676
675 617
676 677
676 618
677 678
677 619
678 679
678 620
679 680
679 621
680 681
680 622
681 682
681 623
682 683
682 624
683 625
684 685
684 796
685 686
685 794
686 687
686 792
687 688
687 790
688 689
688 788
689 690
689 786
690 691
690 784
691 692
691 782
692 693
692 780
693 694
693 778
694 695
694 776
695 696
695 774
696 697
696 772
697 698
697 770
698 699
698 768
699 700
699 746
700 701
700 745
701 702
701 744
702 703
702 743
703 704
703 742
704 705
704 741
705 706
705 740
706 707
706 708
708 709
708 739
709 710
709 711
711 712
711 738
712 713
712 714
714 715
714 737
715 716
715 717
717 718
717 736
718 719
718 720
720 721
720 735
721 722
721 723
723 724
723 734
724 725
724 726
726 727
726 733
727 728
727 729
729 730
729 732
730 731
746 747
746 701
747 702
747 748
748 749
748 703
749 704
749 750
750 751
750 705
751 706
751 752
752 753
752 708
753 709
753 754
754 755
754 711
755 712
755 756
756 757
756 714
757 715
757 758
758 759
758 717
759 718
759 760
760 761
760 720
761 721
761 762
762 763
762 723
763 724
763 764
764 765
764 726
765 727
765 766
766 767
766 729
767 730
768 700
768 769
770 768
770 771
772 770
772 773
774 772
774 775
776 774
776 777
778 776
778 779
780 778
780 781
782 780
782 783
784 782
784 785
786 784
786 787
788 786
788 789
790 788
790 791
792 790
792 793
794 792
794 795
796 794
796 797
798 799
798 875
799 800
799 874
800 801
800 873
801 802
801 872
802 803
802 871
803 804
803 870
804 805
804 869
805 806
805 868
806 807
806 867
807 808
807 809
809 810
809 866
810 811
810 812
812 813
812 865
813 814
813 815
815 816
815 864
816 817
816 863
817 818
817 862
818 819
818 861
819 820
819 860
820 821
820 859
821 822
821 858
822 823
822 857
823 824
823 856
824 825
824 855
825 826
825 854
826 827
826 853
827 828
827 852
828 829
828 851
829 830
829 850
830 831
830 849
831 832
831 848
832 833
832 847
833 834
833 846
834 835
834 845
835 836
835 844
836 837
836 843
837 838
837 842
838 839
838 841
839 840
875 800
875 876
876 801
876 877
877 802
877 878
878 803
878 879
879 804
879 880
880 805
880 881
881 806
881 882
882 883
882 807
883 884
883 809
884 885
884 810
885 886
885 812
886 887
886 813
887 888
887 815
888 889
888 816
889 890
889 817
890 891
890 818
891 892
891 819
892 893
892 820
893 894
893 821
894 895
894 822
895 896
895 823
896 897
896 824
897 898
897 825
898 899
898 826
899 900
899 827
900 901
900 828
901 902
901 829
902 903
902 830
903 904
903 831
904 905
904 832
905 906
905 833
906 907
906 834
907 908
907 835
908 909
908 836
909 910
909 837
910 911
910 838
911 839
912 913
912 1024
913 914
913 988
914 915
914 987
915 916
915 986
916 917
916 985
917 918
917 984
918 919
918 983
919 920
919 982
920 921
920 981
921 922
921 923
923 924
923 980
924 925
924 926
926 927
926 979
927 928
927 929
929 930
929 978
930 931
930 932
932 933
932 977
933 934
933 935
935 936
935 976
936 937
936 938
938 939
938 975
939 940
939 941
941 942
941 974
942 943
942 944
944 945
944 973
945 946
945 947
947 948
947 972
948 949
948 950
950 951
950 971
951 952
951 953
953 954
953 970
954 955
954 956
956 957
956 969
957 958
957 959
959 960
959 968
960 961
960 962
962 963
962 967
963 964
963 965
965 966
988 915
988 989
989 916
989 990
990 917
990 991
991 918
991 992
992 919
992 993
993 920
993 994
994 921
994 995
995 996
995 923
996 924
996 997
997 998
997 926
998 927
998 999
999 1000
999 929
1000 930
1000 1001
1001 1002
1001 932
1002 933
1002 1003
1003 1004
1003 935
1004 936
1004 1005
1005 1006
1005 938
1006 939
1006 1007
1007 1008
1007 941
1008 942
1008 1009
1009 1010
1009 944
1010 945
1010 1011
1011 1012
1011 947
1012 948
1012 1013
1013 1014
1013 950
1014 951
1014 1015
1015 1016
1015 953
1016 954
1016 1017
1017 1018
1017 956
1018 957
1018 1019
1019 1020
1019 959
1020 1021
1020 960
1021 1022
1021 962
1022 1023
1022 963
1023 965
1024 914
1024 1025
1026 1027
1026 1138
1027 1028
1027 1136
1028 1029
1028 1134
1029 1030
1029 1132
1030 1031
1030 1130
1031 1032
1031 1128
1032 1033
1032 1126
1033 1034
1033 1124
1034 1035
1034 1122
1035 1036
1035 1120
1036 1037
1036 1118
1037 1038
1037 1116
1038 1039
1038 1114
1039 1040
1039 1112
1040 1041
1040 1110
1041 1042
1041 1108
1042 1043
1042 1106
1043 1044
1043 1104
1044 1045
1044 1102
1045 1046
1045 1100
1046 1047
1046 1098
1047 1048
1047 1096
1048 1049
1048 1094
1049 1050
1049 1092
1050 1051
1050 1090
1051 1052
1051 1088
1052 1053
1052 1077
1053 1054
1053 1076
1054 1055
1054 1075
1055 1056
1055 1074
1056 1057
1056 1073
1057 1058
1057 1072
1058 1059
1058 1071
1059 1060
1059 1061
1061 1062
1061 1070
1062 1063
1062 1064
1064 1065
1064 1069
1065 1066
1065 1067
1067 1068
1077 1078
1077 1054
1078 1055
1078 1079
1079 1080
1079 1056
1080 1057
1080 1081
1081 1082
1081 1058
1082 1059
1082 1083
1083 1084
1083 1061
1084 1062
1084 1085
1085 1086
1085 1064
1086 1065
1086 1087
1087 1067
1088 1053
1088 1089
1090 1088
1090 1091
1092 1090
1092 1093
1094 1092
1094 1095
1096 1094
1096 1097
1098 1096
1098 1099
1100 1098
1100 1101
1102 1100
1102 1103
1104 1102
1104 1105
1106 1104
1106 1107
1108 1106
1108 1109
1110 1108
1110 1111
1112 1110
1112 1113
1114 1112
1114 1115
1116 1114
1116 1117
1118 1116
1118 1119
1120 1118
1120 1121
1122 1120
1122 1123
1124 1122
1124 1125
1126 1124
1126 1127
1128 1126
1128 1129
1130 1128
1130 1131
1132 1130
1132 1133
1134 1132
1134 1135
1136 1134
1136 1137
1138 1136
1138 1139
1140 1141
1140 1252
1141 1142
1141 1250
1142 1143
1142 1248
1143 1144
1143 1246
1144 1145
1144 1244
1145 1146
1145 1242
1146 1147
1146 1240
1147 1148
1147 1238
1148 1149
1148 1236
1149 1150
1149 1208
1150 1151
1150 1152
1152 1153
1152 1154
1154 1155
1154 1207
1155 1156
1155 1157
1157 1158
1157 1206
1158 1159
1158 1160
1160 1161
1160 1205
1161 1162
1161 1163
1163 1164
1163 1204
1164 1165
1164 1166
1166 1167
1166 1203
1167 1168
1167 1169
1169 1170
1169 1202
1170 1171
1170 1172
1172 1173
1172 1201
1173 1174
1173 1175
1175 1176
1175 1200
1176 1177
1176 1199
1177 1178
1177 1198
1178 1179
1178 1197
1179 1180
1179 1196
1180 1181
1180 1195
1181 1182
1181 1194
1182 1183
1182 1193
1183 1184
1183 1192
1184 1185
1184 1191
1185 1186
1185 1190
1186 1187
1186 1189
1187 1188
1208 1209
1208 1152
1209 1210
1209 1154
1210 1155
1210 1211
1211 1212
1211 1157
1212 1158
1212 1213
1213 1214
1213 1160
1214 1161
1214 1215
1215 1216
1215 1163
1216 1164
1216 1217
1217 1218
1217 1166
1218 1219
1218 1167
1219 1220
1219 1169
1220 1221
1220 1170
1221 1222
1221 1172
1222 1223
1222 1173
1223 1224
1223 1175
1224 1225
1224 1176
1225 1226
1225 1177
1226 1227
1226 1178
1227 1228
1227 1179
1228 1229
1228 1180
1229 1230
1229 1181
1230 1231
1230 1182
1231 1232
1231 1183
1232 1233
1232 1184
1233 1234
1233 1185
1234 1235
1234 1186
1235 1187
1236 1150
1236 1237
1238 1239
1238 1236
1240 1241
1240 1238
1242 1243
1242 1240
1244 1245
1244 1242
1246 1247
1246 1244
1248 1249
1248 1246
1250 1251
1250 1248
1252 1253
1252 1250
1254 1255
1254 1366
1255 1256
1255 1364
1256 1257
1256 1362
1257 1258
1257 1360
1258 1259
1258 1358
1259 1260
1259 1356
1260 1261
1260 1354
1261 1262
1261 1352
1262 1263
1262 1350
1263 1264
1263 1348
1264 1265
1264 1346
1265 1266
1265 1344
1266 1267
1266 1342
1267 1268
1267 1318
1268 1269
1268 1317
1269 1270
1269 1316
1270 1271
1270 1315
1271 1272
1271 1314
1272 1273
1272 1313
1273 1274
1273 1312
1274 1275
1274 1276
1276 1277
1276 1311
1277 1278
1277 1279
1279 1280
1279 1310
1280 1281
1280 1282
1282 1283
1282 1309
1283 1284
1283 1285
1285 1286
1285 1287
1287 1288
1287 1308
1288 1289
1288 1290
1290 1291
1290 1307
1291 1292
1291 1293
1293 1294
1293 1306
1294 1295
1294 1296
1296 1297
1296 1305
1297 1298
1297 1299
1299 1300
1299 1304
1300 1301
1300 1302
1302 1303
1318 1319
1318 1269
1319 1270
1319 1320
1320 1321
1320 1271
1321 1272
1321 1322
1322 1323
1322 1273
1323 1274
1323 1324
1324 1325
1324 1276
1325 1277
1325 1326
1326 1327
1326 1279
1327 1280
1327 1328
1328 1329
1328 1282
1329 1283
1329 1330
1330 1331
1330 1285
1331 1332
1331 1287
1332 1288
1332 1333
1333 1334
1333 1290
1334 1291
1334 1335
1335 1336
1335 1293
1336 1294
1336 1337
1337 1338
1337 1296
1338 1297
1338 1339
1339 1340
1339 1299
1340 1300
1340 1341
1341 1302
1342 1268
1342 1343
1344 1342
1344 1345
1346 1344
1346 1347
1348 1346
1348 1349
1350 1348
1350 1351
1352 1350
1352 1353
1354 1352
1354 1355
1356 1354
1356 1357
1358 1356
1358 1359
1360 1358
1360 1361
1362 1360
1362 1363
1364 1362
1364 1365
1366 1364
1366 1367
1368 1369
1368 1480
1369 1370
1369 1478
1370 1371
1370 1476
1371 1372
1371 1474
1372 1373
1372 1472
1373 1374
1373 1470
1374 1375
1374 1468
1375 1376
1375 1466
1376 1377
1376 1464
1377 1378
1377 1462
1378 1379
1378 1460
1379 1380
1379 1458
1380 1381
1380 1456
1381 1382
1381 1454
1382 1383
1382 1452
1383 1384
1383 1450
1384 1385
1384 1448
1385 1386
1385 1446
1386 1387
1386 1444
1387 1388
1387 1442
1388 1389
1388 1440
1389 1390
1389 1438
1390 1391
1390 1436
1391 1392
1391 1434
1392 1393
1392 1432
1393 1394
1393 1430
1394 1395
1394 1428
1395 1396
1395 1426
1396 1397
1396 1424
1397 1398
1397 1422
1398 1399
1398 1420
1399 1400
1399 1418
1400 1401
1400 1416
1401 1402
1401 1414
1402 1403
1402 1412
1403 1404
1403 1410
1404 1405
1404 1408
1405 1406
1406 1407
1408 1406
1408 1409
1410 1408
1410 1411
1412 1410
1412 1413
1414 1412
1414 1415
1416 1414
1416 1417
1418 1416
1418 1419
1420 1418
1420 1421
1422 1420
1422 1423
1424 1422
1424 1425
1426 1424
1426 1427
1428 1426
1428 1429
1430 1428
1430 1431
1432 1430
1432 1433
1434 1432
1434 1435
1436 1434
1436 1437
1438 1436
1438 1439
1440 1438
1440 1441
1442 1440
1442 1443
1444 1442
1444 1445
1446 1444
1446 1447
1448 1446
1448 1449
1450 1448
1450 1451
1452 1450
1452 1453
1454 1452
1454 1455
1456 1454
1456 1457
1458 1459
1458 1456
1460 1458
1460 1461
1462 1463
1462 1460
1464 1462
1464 1465
1466 1467
1466 1464
1468 1469
1468 1466
1470 1471
1470 1468
1472 1473
1472 1470
1474 1475
1474 1472
1476 1477
1476 1474
1478 1479
1478 1476
1480 1481
1480 1478
1482 1483
1482 1559
1483 1484
1483 1558
1484 1485
1484 1557
1485 1486
1485 1556
1486 1487
1486 1555
1487 1488
1487 1554
1488 1489
1488 1553
1489 1490
1489 1491
1491 1492
1491 1493
1493 1494
1493 1552
1494 1495
1494 1496
1496 1497
1496 1551
1497 1498
1497 1499
1499 1500
1499 1550
1500 1501
1500 1502
1502 1503
1502 1549
1503 1504
1503 1505
1505 1506
1505 1548
1506 1507
1506 1508
1508 1509
1508 1547
1509 1510
1509 1511
1511 1512
1511 1546
1512 1513
1512 1514
1514 1515
1514 1545
1515 1516
1515 1517
1517 1518
1517 1544
1518 1519
1518 1520
1520 1521
1520 1543
1521 1522
1521 1523
1523 1524
1523 1542
1524 1525
1524 1526
1526 1527
1526 1541
1527 1528
1527 1529
1529 1530
1529 1540
1530 1531
1530 1532
1532 1533
1532 1539
1533 1534
1533 1535
1535 1536
1535 1538
1536 1537
1559 1484
1559 1560
1560 1561
1560 1485
1561 1562
1561 1486
1562 1563
1562 1487
1563 1564
1563 1488
1564 1565
1564 1489
1565 1566
1565 1491
1566 1567
1566 1493
1567 1494
1567 1568
1568 1569
1568 1496
1569 1497
1569 1570
1570 1571
1570 1499
1571 1500
1571 1572
1572 1573
1572 1502
1573 1503
1573 1574
1574 1575
1574 1505
1575 1506
1575 1576
1576 1577
1576 1508
1577 1509
1577 1578
1578 1579
1578 1511
1579 1512
1579 1580
1580 1581
1580 1514
1581 1515
1581 1582
1582 1583
1582 1517
1583 1518
1583 1584
1584 1585
1584 1520
1585 1521
1585 1586
1586 1587
1586 1523
1587 1524
1587 1588
1588 1589
1588 1526
1589 1527
1589 1590
1590 1591
1590 1529
1591 1592
1591 1530
1592 1593
1592 1532
1593 1594
1593 1533
1594 1595
1594 1535
1595 1536
1596 1597
1596 1708
1597 1598
1597 1706
1598 1599
1598 1704
1599 1600
1599 1702
1600 1601
1600 1700
1601 1602
1601 1698
1602 1603
1602 1696
1603 1604
1603 1694
1604 1605
1604 1692
1605 1606
1605 1690
1606 1607
1606 1688
1607 1608
1607 1686
1608 1609
1608 1684
1609 1610
1609 1682
1610 1611
1610 1680
1611 1612
1611 1678
1612 1613
1612 1676
1613 1614
1613 1674
1614 1615
1614 1672
1615 1616
1615 1670
1616 1617
1616 1668
1617 1618
1617 1666
1618 1619
1618 1664
1619 1620
1619 1662
1620 1621
1620 1660
1621 1622
1621 1648
1622 1623
1622 1647
1623 1624
1623 1646
1624 1625
1624 1645
1625 1626
1625 1644
1626 1627
1626 1643
1627 1628
1627 1642
1628 1629
1628 1630
1630 1631
1630 1641
1631 1632
1631 1633
1633 1634
1633 1640
1634 1635
1634 1636
1636 1637
1636 1639
1637 1638
1648 1649
1648 1623
1649 1624
1649 1650
1650 1651
1650 1625
1651 1626
1651 1652
1652 1653
1652 1627
1653 1628
1653 1654
1654 1655
1654 1630
1655 1631
1655 1656
1656 1657
1656 1633
1657 1634
1657 1658
1658 1659
1658 1636
1659 1637
1660 1622
1660 1661
1662 1660
1662 1663
1664 1662
1664 1665
1666 1664
1666 1667
1668 1666
1668 1669
1670 1668
1670 1671
1672 1670
1672 1673
1674 1672
1674 1675
1676 1674
1676 1677
1678 1676
1678 1679
1680 1678
1680 1681
1682 1680
1682 1683
1684 1682
1684 1685
1686 1684
1686 1687
1688 1686
1688 1689
1690 1688
1690 1691
1692 1690
1692 1693
1694 1692
1694 1695
1696 1694
1696 1697
1698 1696
1698 1699
1700 1698
1700 1701
1702 1700
1702 1703
1704 1702
1704 1705
1706 1704
1706 1707
1708 1706
1708 1709
1710 1711
1710 1787
1711 1712
1711 1786
1712 1713
1712 1785
1713 1714
1713 1784
1714 1715
1714 1783
1715 1716
1715 1782
1716 1717
1716 1781
1717 1718
1717 1780
1718 1719
1718 1779
1719 1720
1719 1721
1721 1722
1721 1778
1722 1723
1722 1724
1724 1725
1724 1777
1725 1726
1725 1727
1727 1728
1727 1776
1728 1729
1728 1730
1730 1731
1730 1775
1731 1732
1731 1733
1733 1734
1733 1774
1734 1735
1734 1736
1736 1737
1736 1773
1737 1738
1737 1739
1739 1740
1739 1772
1740 1741
1740 1742
1742 1743
1742 1771
1743 1744
1743 1770
1744 1745
1744 1769
1745 1746
1745 1768
1746 1747
1746 1767
1747 1748
1747 1766
1748 1749
1748 1765
1749 1750
1749 1764
1750 1751
1750 1763
1751 1752
1751 1762
1752 1753
1752 1761
1753 1754
1753 1760
1754 1755
1754 1759
1755 1756
1755 1758
1756 1757
1787 1712
1787 1788
1788 1713
1788 1789
1789 1714
1789 1790
1790 1715
1790 1791
1791 1716
1791 1792
1792 1717
1792 1793
1793 1718
1793 1794
1794 1719
1794 1795
1795 1796
1795 1721
1796 1722
1796 1797
1797 1798
1797 1724
1798 1725
1798 1799
1799 1800
1799 1727
1800 1728
1800 1801
1801 1802
1801 1730
1802 1731
1802 1803
1803 1804
1803 1733
1804 1734
1804 1805
1805 1806
1805 1736
1806 1807
1806 1737
1807 1808
1807 1739
1808 1809
1808 1740
1809 1810
1809 1742
1810 1811
1810 1743
1811 1812
1811 1744
1812 1813
1812 1745
1813 1814
1813 1746
1814 1815
1814 1747
1815 1816
1815 1748
1816 1817
1816 1749
1817 1818
1817 1750
1818 1819
1818 1751
1819 1820
1819 1752
1820 1821
1820 1753
1821 1822
1821 1754
1822 1823
1822 1755
1823 1756
1824 1825
1824 1936
1825 1826
1825 1934
1826 1827
1826 1932
1827 1828
1827 1930
1828 1829
1828 1928
1829 1830
1829 1926
1830 1831
1830 1924
1831 1832
1831 1922
1832 1833
1832 1920
1833 1834
1833 1918
1834 1835
1834 1916
1835 1836
1835 1914
1836 1837
1836 1889
1837 1838
1837 1888
1838 1839
1838 1887
1839 1840
1839 1886
1840 1841
1840 1885
1841 1842
1841 1884
1842 1843
1842 1883
1843 1844
1843 1845
1845 1846
1845 1882
1846 1847
1846 1848
1848 1849
1848 1881
1849 1850
1849 1851
1851 1852
1851 1880
1852 1853
1852 1854
1854 1855
1854 1879
1855 1856
1855 1857
1857 1858
1857 1878
1858 1859
1858 1860
1860 1861
1860 1877
1861 1862
1861 1863
1863 1864
1863 1876
1864 1865
1864 1866
1866 1867
1866 1875
1867 1868
1867 1869
1869 1870
1869 1874
1870 1871
1870 1872
1872 1873
1889 1890
1889 1838
1890 1839
1890 1891
1891 1892
1891 1840
1892 1841
1892 1893
1893 1894
1893 1842
1894 1843
1894 1895
1895 1896
1895 1845
1896 1846
1896 1897
1897 1898
1897 1848
1898 1849
1898 1899
1899 1900
1899 1851
1900 1852
1900 1901
1901 1902
1901 1854
1902 1855
1902 1903
1903 1904
1903 1857
1904 1858
1904 1905
1905 1906
1905 1860
1906 1861
1906 1907
1907 1908
1907 1863
1908 1864
1908 1909
1909 1910
1909 1866
1910 1867
1910 1911
1911 1912
1911 1869
1912 1870
1912 1913
1913 1872
1914 1837
1914 1915
1916 1914
1916 1917
1918 1916
1918 1919
1920 1918
1920 1921
1922 1920
1922 1923
1924 1922
1924 1925
1926 1924
1926 1927
1928 1926
1928 1929
1930 1928
1930 1931
1932 1930
1932 1933
1934 1932
1934 1935
1936 1934
1936 1937
1938 1939
1938 2050
1939 1940
1939 2048
1940 1941
1940 2046
1941 1942
1941 2012
1942 1943
1942 2011
1943 1944
1943 2010
1944 1945
1944 2009
1945 1946
1945 2008
1946 1947
1946 2007
1947 1948
1947 1949
1949 1950
1949 2006
1950 1951
1950 1952
1952 1953
1952 2005
1953 1954
1953 2004
1954 1955
1954 2003
1955 1956
1955 2002
1956 1957
1956 2001
1957 1958
1957 2000
1958 1959
1958 1999
1959 1960
1959 1998
1960 1961
1960 1997
1961 1962
1961 1996
1962 1963
1962 1995
1963 1964
1963 1994
1964 1965
1964 1993
1965 1966
1965 1992
1966 1967
1966 1991
1967 1968
1967 1990
1968 1969
1968 1989
1969 1970
1969 1988
1970 1971
1970 1987
1971 1972
1971 1986
1972 1973
1972 1985
1973 1974
1973 1984
1974 1975
1974 1983
1975 1976
1975 1982
1976 1977
1976 1981
1977 1978
1977 1980
1978 1979
2012 1943
2012 2013
2013 1944
2013 2014
2014 2015
2014 1945
2015 2016
2015 1946
2016 2017
2016 1947
2017 2018
2017 1949
2018 2019
2018 1950
2019 2020
2019 1952
2020 2021
2020 1953
2021 2022
2021 1954
2022 2023
2022 1955
2023 2024
2023 1956
2024 2025
2024 1957
2025 2026
2025 1958
2026 2027
2026 1959
2027 2028
2027 1960
2028 2029
2028 1961
2029 2030
2029 1962
2030 2031
2030 1963
2031 2032
2031 1964
2032 2033
2032 1965
2033 2034
2033 1966
2034 2035
2034 1967
2035 2036
2035 1968
2036 2037
2036 1969
2037 2038
2037 1970
2038 2039
2038 1971
2039 2040
2039 1972
2040 2041
2040 1973
2041 2042
2041 1974
2042 2043
2042 1975
2043 2044
2043 1976
2044 2045
2044 1977
2045 1978
2046 1942
2046 2047
2048 2049
2048 2046
2050 2051
2050 2048
2052 2053
2052 2164
2053 2054
2053 2162
2054 2055
2054 2160
2055 2056
2055 2158
2056 2057
2056 2156
2057 2058
2057 2154
2058 2059
2058 2152
2059 2060
2059 2150
2060 2061
2060 2148
2061 2062
2061 2120
2062 2063
2062 2064
2064 2065
2064 2119
2065 2066
2065 2067
2067 2068
2067 2069
2069 2070
2069 2118
2070 2071
2070 2072
2072 2073
2072 2117
2073 2074
2073 2075
2075 2076
2075 2116
2076 2077
2076 2078
2078 2079
2078 2115
2079 2080
2079 2081
2081 2082
2081 2114
2082 2083
2082 2084
2084 2085
2084 2113
2085 2086
2085 2087
2087 2088
2087 2112
2088 2089
2088 2090
2090 2091
2090 2111
2091 2092
2091 2093
2093 2094
2093 2110
2094 2095
2094 2096
2096 2097
2096 2109
2097 2098
2097 2099
2099 2100
2099 2108
2100 2101
2100 2102
2102 2103
2102 2107
2103 2104
2103 2106
2104 2105
2120 2121
2120 2064
2121 2065
2121 2122
2122 2123
2122 2067
2123 2124
2123 2069
2124 2070
2124 2125
2125 2126
2125 2072
2126 2073
2126 2127
2127 2128
2127 2075
2128 2076
2128 2129
2129 2130
2129 2078
2130 2079
2130 2131
2131 2132
2131 2081
2132 2082
2132 2133
2133 2134
2133 2084
2134 2085
2134 2135
2135 2136
2135 2087
2136 2088
2136 2137
2137 2138
2137 2090
2138 2091
2138 2139
2139 2140
2139 2093
2140 2094
2140 2141
2141 2142
2141 2096
2142 2143
2142 2097
2143 2144
2143 2099
2144 2145
2144 2100
2145 2146
2145 2102
2146 2147
2146 2103
2147 2104
2148 2062
2148 2149
2150 2151
2150 2148
2152 2153
2152 2150
2154 2155
2154 2152
2156 2154
2156 2157
2158 2156
2158 2159
2160 2158
2160 2161
2162 2160
2162 2163
2164 2162
2164 2165
2166 2167
2166 2278
2167 2168
2167 2276
2168 2169
2168 2274
2169 2170
2169 2272
2170 2171
2170 2270
2171 2172
2171 2268
2172 2173
2172 2266
2173 2174
2173 2264
2174 2175
2174 2262
2175 2176
2175 2260
2176 2177
2176 2258
2177 2178
2177 2256
2178 2179
2178 2254
2179 2180
2179 2252
2180 2181
2180 2250
2181 2182
2181 2248
2182 2183
2182 2246
2183 2184
2183 2244
2184 2185
2184 2242
2185 2186
2185 2240
2186 2187
2186 2238
2187 2188
2187 2236
2188 2189
2188 2234
2189 2190
2189 2232
2190 2191
2190 2230
2191 2192
2191 2218
2192 2193
2192 2217
2193 2194
2193 2216
2194 2195
2194 2215
2195 2196
2195 2214
2196 2197
2196 2213
2197 2198
2197 2199
2199 2200
2199 2212
2200 2201
2200 2202
2202 2203
2202 2211
2203 2204
2203 2205
2205 2206
2205 2210
2206 2207
2206 2208
2208 2209
2218 2219
2218 2193
2219 2194
2219 2220
2220 2221
2220 2195
2221 2222
2221 2196
2222 2197
2222 2223
2223 2224
2223 2199
2224 2200
2224 2225
2225 2226
2225 2202
2226 2203
2226 2227
2227 2228
2227 2205
2228 2206
2228 2229
2229 2208
2230 2192
2230 2231
2232 2230
2232 2233
2234 2232
2234 2235
2236 2234
2236 2237
2238 2236
2238 2239
2240 2238
2240 2241
2242 2240
2242 2243
2244 2242
2244 2245
2246 2244
2246 2247
2248 2246
2248 2249
2250 2248
2250 2251
2252 2250
2252 2253
2254 2252
2254 2255
2256 2254
2256 2257
2258 2256
2258 2259
2260 2258
2260 2261
2262 2260
2262 2263
2264 2262
2264 2265
2266 2264
2266 2267
2268 2266
2268 2269
2270 2268
2270 2271
2272 2270
2272 2273
2274 2272
2274 2275
2276 2274
2276 2277
2278 2276
2278 2279
2280 2281
2280 2392
2281 2282
2281 2390
2282 2283
2282 2388
2283 2284
2283 2386
2284 2285
2284 2384
2285 2286
2285 2382
2286 2287
2286 2380
2287 2288
2287 2378
2288 2289
2288 2376
2289 2290
2289 2348
2290 2291
2290 2292
2292 2293
2292 2347
2293 2294
2293 2295
2295 2296
2295 2346
2296 2297
2296 2298
2298 2299
2298 2345
2299 2300
2299 2301
2301 2302
2301 2344
2302 2303
2302 2304
2304 2305
2304 2343
2305 2306
2305 2307
2307 2308
2307 2342
2308 2309
2308 2310
2310 2311
2310 2341
2311 2312
2311 2340
2312 2313
2312 2339
2313 2314
2313 2338
2314 2315
2314 2337
2315 2316
2315 2336
2316 2317
2316 2335
2317 2318
2317 2334
2318 2319
2318 2333
2319 2320
2319 2332
2320 2321
2320 2331
2321 2322
2321 2330
2322 2323
2322 2329
2323 2324
2323 2328
2324 2325
2324 2327
2325 2326
2348 2349
2348 2292
2349 2293
2349 2350
2350 2351
2350 2295
2351 2296
2351 2352
2352 2353
2352 2298
2353 2299
2353 2354
2354 2355
2354 2301
2355 2302
2355 2356
2356 2357
2356 2304
2357 2358
2357 2305
2358 2359
2358 2307
2359 2360
2359 2308
2360 2361
2360 2310
2361 2362
2361 2311
2362 2363
2362 2312
2363 2364
2363 2313
2364 2365
2364 2314
2365 2366
2365 2315
2366 2367
2366 2316
2367 2368
2367 2317
2368 2369
2368 2318
2369 2370
2369 2319
2370 2371
2370 2320
2371 2372
2371 2321
2372 2373
2372 2322
2373 2374
2373 2323
2374 2375
2374 2324
2375 2325
2376 2290
2376 2377
2378 2379
2378 2376
2380 2381
2380 2378
2382 2383
2382 2380
2384 2385
2384 2382
2386 2387
2386 2384
2388 2389
2388 2386
2390 2391
2390 2388
2392 2393
2392 2390
2394 2395
2394 2506
2395 2396
2395 2504
2396 2397
2396 2502
2397 2398
2397 2500
2398 2399
2398 2498
2399 2400
2399 2496
2400 2401
2400 2494
2401 2402
2401 2492
2402 2403
2402 2490
2403 2404
2403 2488
2404 2405
2404 2486
2405 2406
2405 2460
2406 2407
2406 2459
2407 2408
2407 2458
2408 2409
2408 2457
2409 2410
2409 2456
2410 2411
2410 2455
2411 2412
2411 2454
2412 2413
2412 2414
2414 2415
2414 2453
2415 2416
2415 2417
2417 2418
2417 2452
2418 2419
2418 2420
2420 2421
2420 2451
2421 2422
2421 2423
2423 2424
2423 2450
2424 2425
2424 2426
2426 2427
2426 2449
2427 2428
2427 2429
2429 2430
2429 2448
2430 2431
2430 2432
2432 2433
2432 2447
2433 2434
2433 2435
2435 2436
2435 2446
2436 2437
2436 2438
2438 2439
2438 2445
2439 2440
2439 2441
2441 2442
2441 2444
2442 2443
2460 2461
2460 2407
2461 2408
2461 2462
2462 2463
2462 2409
2463 2410
2463 2464
2464 2465
2464 2411
2465 2412
2465 2466
2466 2467
2466 2414
2467 2415
2467 2468
2468 2469
2468 2417
2469 2418
2469 2470
2470 2471
2470 2420
2471 2421
2471 2472
2472 2473
2472 2423
2473 2424
2473 2474
2474 2475
2474 2426
2475 2427
2475 2476
2476 2477
2476 2429
2477 2430
2477 2478
2478 2479
2478 2432
2479 2433
2479 2480
2480 2481
2480 2435
2481 2436
2481 2482
2482 2483
2482 2438
2483 2439
2483 2484
2484 2485
2484 2441
2485 2442
2486 2406
2486 2487
2488 2486
2488 2489
2490 2488
2490 2491
2492 2490
2492 2493
2494 2492
2494 2495
2496 2494
2496 2497
2498 2496
2498 2499
2500 2498
2500 2501
2502 2500
2502 2503
2504 2502
2504 2505
2506 2504
2506 2507
2508 2509
2508 2585
2509 2510
2509 2584
2510 2511
2510 2583
2511 2512
2511 2582
2512 2513
2512 2581
2513 2514
2513 2580
2514 2515
2514 2579
2515 2516
2515 2578
2516 2517
2516 2577
2517 2518
2517 2519
2519 2520
2519 2576
2520 2521
2520 2575
2521 2522
2521 2574
2522 2523
2522 2573
2523 2524
2523 2572
2524 2525
2524 2571
2525 2526
2525 2570
2526 2527
2526 2569
2527 2528
2527 2568
2528 2529
2528 2567
2529 2530
2529 2566
2530 2531
2530 2565
2531 2532
2531 2564
2532 2533
2532 2563
2533 2534
2533 2562
2534 2535
2534 2561
2535 2536
2535 2560
2536 2537
2536 2559
2537 2538
2537 2558
2538 2539
2538 2557
2539 2540
2539 2556
2540 2541
2540 2555
2541 2542
2541 2554
2542 2543
2542 2553
2543 2544
2543 2552
2544 2545
2544 2551
2545 2546
2545 2550
2546 2547
2546 2549
2547 2548
2585 2510
2585 2586
2586 2511
2586 2587
2587 2512
2587 2588
2588 2513
2588 2589
2589 2590
2589 2514
2590 2591
2590 2515
2591 2592
2591 2516
2592 2593
2592 2517
2593 2594
2593 2519
2594 2595
2594 2520
2595 2596
2595 2521
2596 2597
2596 2522
2597 2598
2597 2523
2598 2599
2598 2524
2599 2600
2599 2525
2600 2601
2600 2526
2601 2602
2601 2527
2602 2603
2602 2528
2603 2604
2603 2529
2604 2605
2604 2530
2605 2606
2605 2531
2606 2607
2606 2532
2607 2608
2607 2533
2608 2609
2608 2534
2609 2610
2609 2535
2610 2611
2610 2536
2611 2612
2611 2537
2612 2613
2612 2538
2613 2614
2613 2539
2614 2615
2614 2540
2615 2616
2615 2541
2616 2617
2616 2542
2617 2618
2617 2543
2618 2619
2618 2544
2619 2620
2619 2545
2620 2621
2620 2546
2621 2547
2622 2623
2622 2699
2623 2624
2623 2698
2624 2625
2624 2697
2625 2626
2625 2696
2626 2627
2626 2695
2627 2628
2627 2694
2628 2629
2628 2693
2629 2630
2629 2692
2630 2631
2630 2691
2631 2632
2631 2633
2633 2634
2633 2690
2634 2635
2634 2636
2636 2637
2636 2689
2637 2638
2637 2639
2639 2640
2639 2688
2640 2641
2640 2642
2642 2643
2642 2687
2643 2644
2643 2645
2645 2646
2645 2686
2646 2647
2646 2648
2648 2649
2648 2685
2649 2650
2649 2651
2651 2652
2651 2684
2652 2653
2652 2654
2654 2655
2654 2683
2655 2656
2655 2657
2657 2658
2657 2682
2658 2659
2658 2660
2660 2661
2660 2681
2661 2662
2661 2663
2663 2664
2663 2665
2665 2666
2665 2680
2666 2667
2666 2668
2668 2669
2668 2679
2669 2670
2669 2671
2671 2672
2671 2678
2672 2673
2672 2677
2673 2674
2673 2676
2674 2675
2699 2624
2699 2700
2700 2625
2700 2701
2701 2626
2701 2702
2702 2627
2702 2703
2703 2628
2703 2704
2704 2629
2704 2705
2705 2630
2705 2706
2706 2631
2706 2707
2707 2708
2707 2633
2708 2634
2708 2709
2709 2710
2709 2636
2710 2637
2710 2711
2711 2712
2711 2639
2712 2640
2712 2713
2713 2714
2713 2642
2714 2643
2714 2715
2715 2716
2715 2645
2716 2646
2716 2717
2717 2718
2717 2648
2718 2649
2718 2719
2719 2720
2719 2651
2720 2652
2720 2721
2721 2722
2721 2654
2722 2655
2722 2723
2723 2724
2723 2657
2724 2658
2724 2725
2725 2726
2725 2660
2726 2661
2726 2727
2727 2728
2727 2663
2728 2729
2728 2665
2729 2730
2729 2666
2730 2731
2730 2668
2731 2732
2731 2669
2732 2733
2732 2671
2733 2734
2733 2672
2734 2735
2734 2673
2735 2674
