0 1 1
1 2 1
2 3 1
3 4 1
4 5 1
4 1764 1
5 6 1
5 761 1
5 1762 1
5 1763 1
6 7 1
7 8 1
7 759 1
8 9 1
8 15 1
9 10 1
9 12 1
10 11 1
12 13 1
12 14 1
15 16 1
15 18 1
16 10 1
16 17 1
17 13 1
17 14 1
18 19 1
18 757 1
19 20 1
19 755 1
20 21 1
20 753 1
21 22 1
21 751 1
22 23 1
22 749 1
23 24 1
23 747 1
24 25 1
24 745 1
25 26 1
25 743 1
26 27 1
26 741 1
27 28 1
27 739 1
28 29 1
28 737 1
29 30 1
29 735 1
30 31 1
30 733 1
31 32 1
31 731 1
32 33 1
32 729 1
33 34 1
33 727 1
34 35 1
34 725 1
35 36 1
35 723 1
36 37 1
36 721 1
37 38 1
37 719 1
38 39 1
38 717 1
39 40 1
39 715 1
40 41 1
40 713 1
41 42 1
41 711 1
42 43 1
42 709 1
43 44 1
43 707 1
44 45 1
44 705 1
45 46 1
45 703 1
46 47 1
46 701 1
47 48 1
47 699 1
48 49 1
48 697 1
49 50 1
49 695 1
50 51 1
50 693 1
51 52 1
51 691 1
52 53 1
52 689 1
53 54 1
53 687 1
54 55 1
54 685 1
55 56 1
55 683 1
56 57 1
56 681 1
57 58 1
57 679 1
58 59 1
58 677 1
59 60 1
59 675 1
60 61 1
60 673 1
61 62 1
61 671 1
62 63 1
62 669 1
63 64 1
63 667 1
64 65 1
64 665 1
65 66 1
65 663 1
66 67 1
66 661 1
67 68 1
67 659 1
68 69 1
68 657 1
69 70 1
69 655 1
70 71 1
70 653 1
71 72 1
71 651 1
72 73 1
72 649 1
73 74 1
73 647 1
74 75 1
74 645 1
75 76 1
75 643 1
76 77 1
76 641 1
77 78 1
77 639 1
78 79 1
78 637 1
79 80 1
79 82 1
80 10 1
80 81 1
81 13 1
81 14 1
82 83 1
82 85 1
83 10 1
83 84 1
84 13 1
84 14 1
85 86 1
85 635 1
86 87 1
86 633 1
87 88 1
87 631 1
88 89 1
88 629 1
89 90 1
89 627 1
90 91 1
90 625 1
91 92 1
91 623 1
92 93 1
92 621 1
93 94 1
93 619 1
94 95 1
94 617 1
95 96 1
95 615 1
96 97 1
96 613 1
97 98 1
97 611 1
98 99 1
98 609 1
99 100 1
99 607 1
100 101 1
100 605 1
101 102 1
101 603 1
102 103 1
102 601 1
103 104 1
103 599 1
104 105 1
104 597 1
105 106 1
105 595 1
106 107 1
106 593 1
107 108 1
107 591 1
108 109 1
108 589 1
109 110 1
109 587 1
110 111 1
110 585 1
111 112 1
111 583 1
112 113 1
112 581 1
113 114 1
113 579 1
114 115 1
114 577 1
115 116 1
115 575 1
116 117 1
116 573 1
117 118 1
117 571 1
118 119 1
118 569 1
119 120 1
119 567 1
120 121 1
120 565 1
121 122 1
121 563 1
122 123 1
122 561 1
123 124 1
123 559 1
124 125 1
124 557 1
125 126 1
125 555 1
126 127 1
126 553 1
127 128 1
127 551 1
128 129 1
128 549 1
129 130 1
129 547 1
130 131 1
130 545 1
131 132 1
131 543 1
132 133 1
132 541 1
133 134 1
133 539 1
134 135 1
134 537 1
135 136 1
135 535 1
136 137 1
136 533 1
137 138 1
137 531 1
138 139 1
138 529 1
139 140 1
139 527 1
140 141 1
140 525 1
141 142 1
141 523 1
142 143 1
142 521 1
143 144 1
143 519 1
144 145 1
144 517 1
145 146 1
145 515 1
146 147 1
146 149 1
147 10 1
147 148 1
148 13 1
148 14 1
149 150 1
149 152 1
150 10 1
150 151 1
151 13 1
151 14 1
152 153 1
152 513 1
153 154 1
153 511 1
154 155 1
154 509 1
155 156 1
155 507 1
156 157 1
156 505 1
157 158 1
157 503 1
158 159 1
158 501 1
159 160 1
159 499 1
160 161 1
160 497 1
161 162 1
161 495 1
162 163 1
162 493 1
163 164 1
163 491 1
164 165 1
164 489 1
165 166 1
165 487 1
166 167 1
166 485 1
167 168 1
167 483 1
168 169 1
168 481 1
169 170 1
169 479 1
170 171 1
170 477 1
171 172 1
171 475 1
172 173 1
172 473 1
173 174 1
173 471 1
174 175 1
174 469 1
175 176 1
175 467 1
176 177 1
176 465 1
177 178 1
177 463 1
178 179 1
178 461 1
179 180 1
179 459 1
180 181 1
180 457 1
181 182 1
181 455 1
182 183 1
182 453 1
183 184 1
183 451 1
184 185 1
184 449 1
185 186 1
185 447 1
186 187 1
186 445 1
187 188 1
187 443 1
188 189 1
188 441 1
189 190 1
189 439 1
190 191 1
190 437 1
191 192 1
191 435 1
192 193 1
192 433 1
193 194 1
193 431 1
194 195 1
194 429 1
195 196 1
195 427 1
196 197 1
196 425 1
197 198 1
197 423 1
198 199 1
198 421 1
199 200 1
199 419 1
200 201 1
200 417 1
201 202 1
201 415 1
202 203 1
202 413 1
203 204 1
203 411 1
204 205 1
204 409 1
205 206 1
205 407 1
206 207 1
206 405 1
207 208 1
207 403 1
208 209 1
208 401 1
209 210 1
209 399 1
210 211 1
210 397 1
211 212 1
211 395 1
212 213 1
212 393 1
213 214 1
213 216 1
214 10 1
214 215 1
215 13 1
215 14 1
216 217 1
216 219 1
217 10 1
217 218 1
218 13 1
218 14 1
219 220 1
219 391 1
220 221 1
220 389 1
221 222 1
221 387 1
222 223 1
222 385 1
223 224 1
223 383 1
224 225 1
224 381 1
225 226 1
225 379 1
226 227 1
226 377 1
227 228 1
227 375 1
228 229 1
228 373 1
229 230 1
229 371 1
230 231 1
230 369 1
231 232 1
231 367 1
232 233 1
232 365 1
233 234 1
233 363 1
234 235 1
234 361 1
235 236 1
235 359 1
236 237 1
236 357 1
237 238 1
237 355 1
238 239 1
238 353 1
239 240 1
239 351 1
240 241 1
240 243 1
241 10 1
241 242 1
242 13 1
242 14 1
243 244 1
243 246 1
244 10 1
244 245 1
245 13 1
245 14 1
246 247 1
246 249 1
247 10 1
247 248 1
248 13 1
248 14 1
249 250 1
249 252 1
250 10 1
250 251 1
251 13 1
251 14 1
252 253 1
252 255 1
253 10 1
253 254 1
254 13 1
254 14 1
255 256 1
255 258 1
256 10 1
256 257 1
257 13 1
257 14 1
258 259 1
258 261 1
259 10 1
259 260 1
260 13 1
260 14 1
261 262 1
261 264 1
262 10 1
262 263 1
263 13 1
263 14 1
264 265 1
264 267 1
265 10 1
265 266 1
266 13 1
266 14 1
267 268 1
267 349 1
268 269 1
268 347 1
269 270 1
269 345 1
270 271 1
270 343 1
271 272 1
271 341 1
272 273 1
272 339 1
273 274 1
273 337 1
274 275 1
274 335 1
275 276 1
275 333 1
276 277 1
276 331 1
277 278 1
277 329 1
278 279 1
278 327 1
279 280 1
279 325 1
280 281 1
280 323 1
281 282 1
281 321 1
282 283 1
282 319 1
283 284 1
283 317 1
284 285 1
284 315 1
285 286 1
285 313 1
286 287 1
286 311 1
287 288 1
287 309 1
288 289 1
288 307 1
289 290 1
289 305 1
290 291 1
290 303 1
291 292 1
291 301 1
292 293 1
292 299 1
293 294 1
293 297 1
294 295 1
295 10 1
295 296 1
296 13 1
296 14 1
297 10 1
297 298 1
298 13 1
298 14 1
299 10 1
299 300 1
300 13 1
300 14 1
301 10 1
301 302 1
302 13 1
302 14 1
303 10 1
303 304 1
304 13 1
304 14 1
305 10 1
305 306 1
306 13 1
306 14 1
307 10 1
307 308 1
308 13 1
308 14 1
309 10 1
309 310 1
310 13 1
310 14 1
311 10 1
311 312 1
312 13 1
312 14 1
313 10 1
313 314 1
314 13 1
314 14 1
315 10 1
315 316 1
316 13 1
316 14 1
317 10 1
317 318 1
318 13 1
318 14 1
319 10 1
319 320 1
320 13 1
320 14 1
321 10 1
321 322 1
322 13 1
322 14 1
323 10 1
323 324 1
324 13 1
324 14 1
325 10 1
325 326 1
326 13 1
326 14 1
327 10 1
327 328 1
328 13 1
328 14 1
329 10 1
329 330 1
330 13 1
330 14 1
331 10 1
331 332 1
332 13 1
332 14 1
333 10 1
333 334 1
334 13 1
334 14 1
335 10 1
335 336 1
336 13 1
336 14 1
337 10 1
337 338 1
338 13 1
338 14 1
339 10 1
339 340 1
340 13 1
340 14 1
341 10 1
341 342 1
342 13 1
342 14 1
343 10 1
343 344 1
344 13 1
344 14 1
345 10 1
345 346 1
346 13 1
346 14 1
347 10 1
347 348 1
348 13 1
348 14 1
349 10 1
349 350 1
350 13 1
350 14 1
351 10 1
351 352 1
352 13 1
352 14 1
353 10 1
353 354 1
354 13 1
354 14 1
355 10 1
355 356 1
356 13 1
356 14 1
357 10 1
357 358 1
358 13 1
358 14 1
359 10 1
359 360 1
360 13 1
360 14 1
361 10 1
361 362 1
362 13 1
362 14 1
363 10 1
363 364 1
364 13 1
364 14 1
365 10 1
365 366 1
366 13 1
366 14 1
367 10 1
367 368 1
368 13 1
368 14 1
369 10 1
369 370 1
370 13 1
370 14 1
371 10 1
371 372 1
372 13 1
372 14 1
373 10 1
373 374 1
374 13 1
374 14 1
375 10 1
375 376 1
376 13 1
376 14 1
377 10 1
377 378 1
378 13 1
378 14 1
379 10 1
379 380 1
380 13 1
380 14 1
381 10 1
381 382 1
382 13 1
382 14 1
383 10 1
383 384 1
384 13 1
384 14 1
385 10 1
385 386 1
386 13 1
386 14 1
387 10 1
387 388 1
388 13 1
388 14 1
389 10 1
389 390 1
390 13 1
390 14 1
391 10 1
391 392 1
392 13 1
392 14 1
393 10 1
393 394 1
394 13 1
394 14 1
395 10 1
395 396 1
396 13 1
396 14 1
397 10 1
397 398 1
398 13 1
398 14 1
399 10 1
399 400 1
400 13 1
400 14 1
401 10 1
401 402 1
402 13 1
402 14 1
403 10 1
403 404 1
404 13 1
404 14 1
405 10 1
405 406 1
406 13 1
406 14 1
407 10 1
407 408 1
408 13 1
408 14 1
409 10 1
409 410 1
410 13 1
410 14 1
411 10 1
411 412 1
412 13 1
412 14 1
413 10 1
413 414 1
414 13 1
414 14 1
415 10 1
415 416 1
416 13 1
416 14 1
417 10 1
417 418 1
418 13 1
418 14 1
419 10 1
419 420 1
420 13 1
420 14 1
421 10 1
421 422 1
422 13 1
422 14 1
423 10 1
423 424 1
424 13 1
424 14 1
425 10 1
425 426 1
426 13 1
426 14 1
427 10 1
427 428 1
428 13 1
428 14 1
429 10 1
429 430 1
430 13 1
430 14 1
431 10 1
431 432 1
432 13 1
432 14 1
433 10 1
433 434 1
434 13 1
434 14 1
435 10 1
435 436 1
436 13 1
436 14 1
437 10 1
437 438 1
438 13 1
438 14 1
439 10 1
439 440 1
440 13 1
440 14 1
441 10 1
441 442 1
442 13 1
442 14 1
443 10 1
443 444 1
444 13 1
444 14 1
445 10 1
445 446 1
446 13 1
446 14 1
447 10 1
447 448 1
448 13 1
448 14 1
449 10 1
449 450 1
450 13 1
450 14 1
451 10 1
451 452 1
452 13 1
452 14 1
453 10 1
453 454 1
454 13 1
454 14 1
455 10 1
455 456 1
456 13 1
456 14 1
457 10 1
457 458 1
458 13 1
458 14 1
459 10 1
459 460 1
460 13 1
460 14 1
461 10 1
461 462 1
462 13 1
462 14 1
463 10 1
463 464 1
464 13 1
464 14 1
465 10 1
465 466 1
466 13 1
466 14 1
467 10 1
467 468 1
468 13 1
468 14 1
469 10 1
469 470 1
470 13 1
470 14 1
471 10 1
471 472 1
472 13 1
472 14 1
473 10 1
473 474 1
474 13 1
474 14 1
475 10 1
475 476 1
476 13 1
476 14 1
477 10 1
477 478 1
478 13 1
478 14 1
479 10 1
479 480 1
480 13 1
480 14 1
481 10 1
481 482 1
482 13 1
482 14 1
483 10 1
483 484 1
484 13 1
484 14 1
485 10 1
485 486 1
486 13 1
486 14 1
487 10 1
487 488 1
488 13 1
488 14 1
489 10 1
489 490 1
490 13 1
490 14 1
491 10 1
491 492 1
492 13 1
492 14 1
493 10 1
493 494 1
494 13 1
494 14 1
495 10 1
495 496 1
496 13 1
496 14 1
497 10 1
497 498 1
498 13 1
498 14 1
499 10 1
499 500 1
500 13 1
500 14 1
501 10 1
501 502 1
502 13 1
502 14 1
503 10 1
503 504 1
504 13 1
504 14 1
505 10 1
505 506 1
506 13 1
506 14 1
507 10 1
507 508 1
508 13 1
508 14 1
509 10 1
509 510 1
510 13 1
510 14 1
511 10 1
511 512 1
512 13 1
512 14 1
513 10 1
513 514 1
514 13 1
514 14 1
515 10 1
515 516 1
516 13 1
516 14 1
517 10 1
517 518 1
518 13 1
518 14 1
519 10 1
519 520 1
520 13 1
520 14 1
521 10 1
521 522 1
522 13 1
522 14 1
523 10 1
523 524 1
524 13 1
524 14 1
525 10 1
525 526 1
526 13 1
526 14 1
527 10 1
527 528 1
528 13 1
528 14 1
529 10 1
529 530 1
530 13 1
530 14 1
531 10 1
531 532 1
532 13 1
532 14 1
533 10 1
533 534 1
534 13 1
534 14 1
535 10 1
535 536 1
536 13 1
536 14 1
537 10 1
537 538 1
538 13 1
538 14 1
539 10 1
539 540 1
540 13 1
540 14 1
541 10 1
541 542 1
542 13 1
542 14 1
543 10 1
543 544 1
544 13 1
544 14 1
545 10 1
545 546 1
546 13 1
546 14 1
547 10 1
547 548 1
548 13 1
548 14 1
549 10 1
549 550 1
550 13 1
550 14 1
551 10 1
551 552 1
552 13 1
552 14 1
553 10 1
553 554 1
554 13 1
554 14 1
555 10 1
555 556 1
556 13 1
556 14 1
557 10 1
557 558 1
558 13 1
558 14 1
559 10 1
559 560 1
560 13 1
560 14 1
561 10 1
561 562 1
562 13 1
562 14 1
563 10 1
563 564 1
564 13 1
564 14 1
565 10 1
565 566 1
566 13 1
566 14 1
567 10 1
567 568 1
568 13 1
568 14 1
569 10 1
569 570 1
570 13 1
570 14 1
571 10 1
571 572 1
572 13 1
572 14 1
573 10 1
573 574 1
574 13 1
574 14 1
575 10 1
575 576 1
576 13 1
576 14 1
577 10 1
577 578 1
578 13 1
578 14 1
579 10 1
579 580 1
580 13 1
580 14 1
581 10 1
581 582 1
582 13 1
582 14 1
583 10 1
583 584 1
584 13 1
584 14 1
585 10 1
585 586 1
586 13 1
586 14 1
587 10 1
587 588 1
588 13 1
588 14 1
589 10 1
589 590 1
590 13 1
590 14 1
591 10 1
591 592 1
592 13 1
592 14 1
593 10 1
593 594 1
594 13 1
594 14 1
595 10 1
595 596 1
596 13 1
596 14 1
597 10 1
597 598 1
598 13 1
598 14 1
599 10 1
599 600 1
600 13 1
600 14 1
601 10 1
601 602 1
602 13 1
602 14 1
603 10 1
603 604 1
604 13 1
604 14 1
605 10 1
605 606 1
606 13 1
606 14 1
607 10 1
607 608 1
608 13 1
608 14 1
609 10 1
609 610 1
610 13 1
610 14 1
611 10 1
611 612 1
612 13 1
612 14 1
613 10 1
613 614 1
614 13 1
614 14 1
615 10 1
615 616 1
616 13 1
616 14 1
617 10 1
617 618 1
618 13 1
618 14 1
619 10 1
619 620 1
620 13 1
620 14 1
621 10 1
621 622 1
622 13 1
622 14 1
623 10 1
623 624 1
624 13 1
624 14 1
625 10 1
625 626 1
626 13 1
626 14 1
627 10 1
627 628 1
628 13 1
628 14 1
629 10 1
629 630 1
630 13 1
630 14 1
631 10 1
631 632 1
632 13 1
632 14 1
633 10 1
633 634 1
634 13 1
634 14 1
635 10 1
635 636 1
636 13 1
636 14 1
637 10 1
637 638 1
638 13 1
638 14 1
639 10 1
639 640 1
640 13 1
640 14 1
641 10 1
641 642 1
642 13 1
642 14 1
643 10 1
643 644 1
644 13 1
644 14 1
645 10 1
645 646 1
646 13 1
646 14 1
647 10 1
647 648 1
648 13 1
648 14 1
649 10 1
649 650 1
650 13 1
650 14 1
651 10 1
651 652 1
652 13 1
652 14 1
653 10 1
653 654 1
654 13 1
654 14 1
655 10 1
655 656 1
656 13 1
656 14 1
657 10 1
657 658 1
658 13 1
658 14 1
659 10 1
659 660 1
660 13 1
660 14 1
661 10 1
661 662 1
662 13 1
662 14 1
663 10 1
663 664 1
664 13 1
664 14 1
665 10 1
665 666 1
666 13 1
666 14 1
667 10 1
667 668 1
668 13 1
668 14 1
669 10 1
669 670 1
670 13 1
670 14 1
671 10 1
671 672 1
672 13 1
672 14 1
673 10 1
673 674 1
674 13 1
674 14 1
675 10 1
675 676 1
676 13 1
676 14 1
677 10 1
677 678 1
678 13 1
678 14 1
679 10 1
679 680 1
680 13 1
680 14 1
681 10 1
681 682 1
682 13 1
682 14 1
683 10 1
683 684 1
684 13 1
684 14 1
685 10 1
685 686 1
686 13 1
686 14 1
687 10 1
687 688 1
688 13 1
688 14 1
689 10 1
689 690 1
690 13 1
690 14 1
691 10 1
691 692 1
692 13 1
692 14 1
693 10 1
693 694 1
694 13 1
694 14 1
695 10 1
695 696 1
696 13 1
696 14 1
697 10 1
697 698 1
698 13 1
698 14 1
699 10 1
699 700 1
700 13 1
700 14 1
701 10 1
701 702 1
702 13 1
702 14 1
703 10 1
703 704 1
704 13 1
704 14 1
705 10 1
705 706 1
706 13 1
706 14 1
707 10 1
707 708 1
708 13 1
708 14 1
709 10 1
709 710 1
710 13 1
710 14 1
711 10 1
711 712 1
712 13 1
712 14 1
713 10 1
713 714 1
714 13 1
714 14 1
715 10 1
715 716 1
716 13 1
716 14 1
717 10 1
717 718 1
718 13 1
718 14 1
719 10 1
719 720 1
720 13 1
720 14 1
721 10 1
721 722 1
722 13 1
722 14 1
723 10 1
723 724 1
724 13 1
724 14 1
725 10 1
725 726 1
726 13 1
726 14 1
727 10 1
727 728 1
728 13 1
728 14 1
729 10 1
729 730 1
730 13 1
730 14 1
731 10 1
731 732 1
732 13 1
732 14 1
733 10 1
733 734 1
734 13 1
734 14 1
735 10 1
735 736 1
736 13 1
736 14 1
737 10 1
737 738 1
738 13 1
738 14 1
739 10 1
739 740 1
740 13 1
740 14 1
741 10 1
741 742 1
742 13 1
742 14 1
743 10 1
743 744 1
744 13 1
744 14 1
745 10 1
745 746 1
746 13 1
746 14 1
747 10 1
747 748 1
748 13 1
748 14 1
749 10 1
749 750 1
750 13 1
750 14 1
751 10 1
751 752 1
752 13 1
752 14 1
753 10 1
753 754 1
754 13 1
754 14 1
755 10 1
755 756 1
756 13 1
756 14 1
757 10 1
757 758 1
758 13 1
758 14 1
759 10 1
759 760 1
760 13 1
760 14 1
761 762 1
761 766 1
761 767 1
761 1761 1
762 763 1
763 7 1
763 764 1
764 10 1
764 765 1
765 13 1
765 14 1
766 8 1
767 768 1
767 769 1
767 1759 1
767 1760 1
768 7 1
769 770 1
769 771 1
769 1757 1
769 1758 1
770 18 1
771 772 1
771 773 1
771 774 1
771 1756 1
772 19 1
773 18 1
774 775 1
774 776 1
774 777 1
774 1755 1
775 18 1
776 20 1
777 778 1
777 1752 1
777 1753 1
777 1754 1
778 779 1
778 1749 1
778 1750 1
778 1751 1
779 780 1
779 781 1
779 782 1
779 1748 1
780 23 1
781 22 1
782 783 1
782 784 1
782 785 1
782 786 1
783 22 1
784 23 1
785 24 1
786 787 1
786 788 1
786 789 1
786 790 1
787 23 1
788 25 1
789 24 1
790 791 1
790 792 1
790 1746 1
790 1747 1
791 24 1
792 793 1
792 794 1
792 795 1
792 796 1
793 27 1
794 25 1
795 26 1
796 797 1
796 798 1
796 799 1
796 800 1
797 27 1
798 28 1
799 26 1
800 801 1
800 1743 1
800 1744 1
800 1745 1
801 802 1
801 1740 1
801 1741 1
801 1742 1
802 803 1
802 804 1
802 805 1
802 1739 1
803 31 1
804 30 1
805 806 1
805 807 1
805 808 1
805 809 1
806 30 1
807 31 1
808 32 1
809 810 1
809 811 1
809 812 1
809 813 1
810 32 1
811 31 1
812 33 1
813 814 1
813 815 1
813 1737 1
813 1738 1
814 32 1
815 816 1
815 817 1
815 818 1
815 819 1
816 35 1
817 33 1
818 34 1
819 820 1
819 821 1
819 822 1
819 823 1
820 35 1
821 34 1
822 36 1
823 824 1
823 825 1
823 1735 1
823 1736 1
824 37 1
825 826 1
825 827 1
825 1733 1
825 1734 1
826 38 1
827 828 1
827 829 1
827 830 1
827 1732 1
828 39 1
829 38 1
830 831 1
830 832 1
830 833 1
830 834 1
831 39 1
832 38 1
833 40 1
834 835 1
834 836 1
834 1730 1
834 1731 1
835 39 1
836 837 1
836 838 1
836 839 1
836 1729 1
837 42 1
838 40 1
839 840 1
839 841 1
839 842 1
839 843 1
840 43 1
841 41 1
842 42 1
843 844 1
843 1726 1
843 1727 1
843 1728 1
844 845 1
844 1723 1
844 1724 1
844 1725 1
845 846 1
845 847 1
845 1721 1
845 1722 1
846 46 1
847 848 1
847 849 1
847 850 1
847 1720 1
848 47 1
849 46 1
850 851 1
850 1717 1
850 1718 1
850 1719 1
851 852 1
851 853 1
851 1715 1
851 1716 1
852 47 1
853 854 1
853 855 1
853 856 1
853 1714 1
854 50 1
855 48 1
856 857 1
856 858 1
856 859 1
856 860 1
857 51 1
858 49 1
859 50 1
860 861 1
860 1711 1
860 1712 1
860 1713 1
861 862 1
861 1708 1
861 1709 1
861 1710 1
862 863 1
862 864 1
862 1706 1
862 1707 1
863 54 1
864 865 1
864 866 1
864 867 1
864 1705 1
865 55 1
866 54 1
867 868 1
867 1702 1
867 1703 1
867 1704 1
868 869 1
868 870 1
868 1700 1
868 1701 1
869 56 1
870 871 1
870 872 1
870 1698 1
870 1699 1
871 58 1
872 873 1
872 874 1
872 875 1
872 876 1
873 59 1
874 58 1
875 57 1
876 877 1
876 1695 1
876 1696 1
876 1697 1
877 878 1
877 1692 1
877 1693 1
877 1694 1
878 879 1
878 880 1
878 1690 1
878 1691 1
879 62 1
880 881 1
880 882 1
880 883 1
880 1689 1
881 61 1
882 63 1
883 884 1
883 1686 1
883 1687 1
883 1688 1
884 885 1
884 1683 1
884 1684 1
884 1685 1
885 886 1
885 887 1
885 888 1
885 889 1
886 66 1
887 65 1
888 64 1
889 890 1
889 891 1
889 892 1
889 893 1
890 66 1
891 67 1
892 65 1
893 894 1
893 1680 1
893 1681 1
893 1682 1
894 895 1
894 1677 1
894 1678 1
894 1679 1
895 896 1
895 897 1
895 898 1
895 1676 1
896 70 1
897 68 1
898 899 1
898 900 1
898 901 1
898 902 1
899 69 1
900 70 1
901 71 1
902 903 1
902 1673 1
902 1674 1
902 1675 1
903 904 1
903 905 1
903 1671 1
903 1672 1
904 72 1
905 906 1
905 907 1
905 908 1
905 909 1
906 74 1
907 72 1
908 73 1
909 910 1
909 911 1
909 912 1
909 913 1
910 73 1
911 75 1
912 74 1
913 914 1
913 1668 1
913 1669 1
913 1670 1
914 915 1
914 1665 1
914 1666 1
914 1667 1
915 916 1
915 917 1
915 918 1
915 1664 1
916 78 1
917 77 1
918 919 1
918 920 1
918 921 1
918 922 1
919 77 1
920 78 1
921 79 1
922 923 1
922 924 1
922 925 1
922 926 1
923 78 1
924 82 1
925 79 1
926 927 1
926 928 1
926 1662 1
926 1663 1
927 79 1
928 929 1
928 930 1
928 931 1
928 932 1
929 86 1
930 82 1
931 85 1
932 933 1
932 934 1
932 935 1
932 936 1
933 86 1
934 87 1
935 85 1
936 937 1
936 1659 1
936 1660 1
936 1661 1
937 938 1
937 1656 1
937 1657 1
937 1658 1
938 939 1
938 940 1
938 941 1
938 1655 1
939 90 1
940 89 1
941 942 1
941 943 1
941 944 1
941 945 1
942 89 1
943 90 1
944 91 1
945 946 1
945 947 1
945 948 1
945 949 1
946 90 1
947 91 1
948 92 1
949 950 1
949 951 1
949 1653 1
949 1654 1
950 91 1
951 952 1
951 953 1
951 954 1
951 955 1
952 94 1
953 92 1
954 93 1
955 956 1
955 957 1
955 958 1
955 959 1
956 94 1
957 95 1
958 93 1
959 960 1
959 1650 1
959 1651 1
959 1652 1
960 961 1
960 1647 1
960 1648 1
960 1649 1
961 962 1
961 963 1
961 964 1
961 1646 1
962 98 1
963 97 1
964 965 1
964 966 1
964 967 1
964 968 1
965 98 1
966 97 1
967 99 1
968 969 1
968 970 1
968 971 1
968 972 1
969 99 1
970 98 1
971 100 1
972 973 1
972 974 1
972 1644 1
972 1645 1
973 100 1
974 975 1
974 976 1
974 977 1
974 978 1
975 102 1
976 100 1
977 101 1
978 979 1
978 980 1
978 981 1
978 982 1
979 103 1
980 101 1
981 102 1
982 983 1
982 1641 1
982 1642 1
982 1643 1
983 984 1
983 985 1
983 1639 1
983 1640 1
984 105 1
985 986 1
985 987 1
985 988 1
985 1638 1
986 106 1
987 105 1
988 989 1
988 990 1
988 991 1
988 992 1
989 106 1
990 105 1
991 107 1
992 993 1
992 994 1
992 1636 1
992 1637 1
993 106 1
994 995 1
994 996 1
994 997 1
994 1635 1
995 109 1
996 107 1
997 998 1
997 999 1
997 1000 1
997 1001 1
998 110 1
999 108 1
1000 109 1
1001 1002 1
1001 1632 1
1001 1633 1
1001 1634 1
1002 1003 1
1002 1629 1
1002 1630 1
1002 1631 1
1003 1004 1
1003 1005 1
1003 1627 1
1003 1628 1
1004 113 1
1005 1006 1
1005 1007 1
1005 1008 1
1005 1626 1
1006 114 1
1007 113 1
1008 1009 1
1008 1623 1
1008 1624 1
1008 1625 1
1009 1010 1
1009 1011 1
1009 1621 1
1009 1622 1
1010 114 1
1011 1012 1
1011 1013 1
1011 1619 1
1011 1620 1
1012 115 1
1013 1014 1
1013 1015 1
1013 1016 1
1013 1017 1
1014 118 1
1015 116 1
1016 117 1
1017 1018 1
1017 1616 1
1017 1617 1
1017 1618 1
1018 1019 1
1018 1020 1
1018 1021 1
1018 1615 1
1019 120 1
1020 118 1
1021 1022 1
1021 1023 1
1021 1613 1
1021 1614 1
1022 121 1
1023 1024 1
1023 1025 1
1023 1026 1
1023 1612 1
1024 121 1
1025 122 1
1026 1027 1
1026 1609 1
1026 1610 1
1026 1611 1
1027 1028 1
1027 1029 1
1027 1607 1
1027 1608 1
1028 123 1
1029 1030 1
1029 1031 1
1029 1032 1
1029 1606 1
1030 124 1
1031 123 1
1032 1033 1
1032 1034 1
1032 1035 1
1032 1036 1
1033 126 1
1034 125 1
1035 124 1
1036 1037 1
1036 1603 1
1036 1604 1
1036 1605 1
1037 1038 1
1037 1600 1
1037 1601 1
1037 1602 1
1038 1039 1
1038 1040 1
1038 1598 1
1038 1599 1
1039 129 1
1040 1041 1
1040 1042 1
1040 1043 1
1040 1597 1
1041 128 1
1042 130 1
1043 1044 1
1043 1594 1
1043 1595 1
1043 1596 1
1044 1045 1
1044 1046 1
1044 1047 1
1044 1593 1
1045 131 1
1046 130 1
1047 1048 1
1047 1049 1
1047 1050 1
1047 1592 1
1048 131 1
1049 132 1
1050 1051 1
1050 1052 1
1050 1053 1
1050 1054 1
1051 134 1
1052 133 1
1053 132 1
1054 1055 1
1054 1589 1
1054 1590 1
1054 1591 1
1055 1056 1
1055 1057 1
1055 1587 1
1055 1588 1
1056 135 1
1057 1058 1
1057 1059 1
1057 1060 1
1057 1586 1
1058 137 1
1059 136 1
1060 1061 1
1060 1062 1
1060 1063 1
1060 1064 1
1061 136 1
1062 137 1
1063 138 1
1064 1065 1
1064 1583 1
1064 1584 1
1064 1585 1
1065 1066 1
1065 1067 1
1065 1581 1
1065 1582 1
1066 139 1
1067 1068 1
1067 1069 1
1067 1070 1
1067 1580 1
1068 139 1
1069 140 1
1070 1071 1
1070 1072 1
1070 1073 1
1070 1074 1
1071 142 1
1072 140 1
1073 141 1
1074 1075 1
1074 1076 1
1074 1077 1
1074 1078 1
1075 143 1
1076 142 1
1077 141 1
1078 1079 1
1078 1080 1
1078 1578 1
1078 1579 1
1079 144 1
1080 1081 1
1080 1082 1
1080 1083 1
1080 1577 1
1081 145 1
1082 144 1
1083 1084 1
1083 1085 1
1083 1086 1
1083 1087 1
1084 145 1
1085 144 1
1086 146 1
1087 1088 1
1087 1089 1
1087 1090 1
1087 1091 1
1088 145 1
1089 146 1
1090 149 1
1091 1092 1
1091 1093 1
1091 1575 1
1091 1576 1
1092 149 1
1093 1094 1
1093 1095 1
1093 1096 1
1093 1574 1
1094 149 1
1095 152 1
1096 1097 1
1096 1098 1
1096 1099 1
1096 1100 1
1097 154 1
1098 152 1
1099 153 1
1100 1101 1
1100 1571 1
1100 1572 1
1100 1573 1
1101 1102 1
1101 1103 1
1101 1569 1
1101 1570 1
1102 156 1
1103 1104 1
1103 1105 1
1103 1106 1
1103 1568 1
1104 156 1
1105 157 1
1106 1107 1
1106 1108 1
1106 1109 1
1106 1110 1
1107 156 1
1108 157 1
1109 158 1
1110 1111 1
1110 1112 1
1110 1113 1
1110 1114 1
1111 157 1
1112 158 1
1113 159 1
1114 1115 1
1114 1116 1
1114 1566 1
1114 1567 1
1115 158 1
1116 1117 1
1116 1118 1
1116 1119 1
1116 1120 1
1117 161 1
1118 159 1
1119 160 1
1120 1121 1
1120 1122 1
1120 1123 1
1120 1124 1
1121 162 1
1122 161 1
1123 160 1
1124 1125 1
1124 1563 1
1124 1564 1
1124 1565 1
1125 1126 1
1125 1127 1
1125 1561 1
1125 1562 1
1126 164 1
1127 1128 1
1127 1129 1
1127 1130 1
1127 1560 1
1128 164 1
1129 165 1
1130 1131 1
1130 1132 1
1130 1133 1
1130 1134 1
1131 165 1
1132 164 1
1133 166 1
1134 1135 1
1134 1136 1
1134 1137 1
1134 1138 1
1135 165 1
1136 166 1
1137 167 1
1138 1139 1
1138 1140 1
1138 1558 1
1138 1559 1
1139 167 1
1140 1141 1
1140 1142 1
1140 1143 1
1140 1144 1
1141 169 1
1142 167 1
1143 168 1
1144 1145 1
1144 1146 1
1144 1147 1
1144 1148 1
1145 170 1
1146 168 1
1147 169 1
1148 1149 1
1148 1555 1
1148 1556 1
1148 1557 1
1149 1150 1
1149 1552 1
1149 1553 1
1149 1554 1
1150 1151 1
1150 1152 1
1150 1153 1
1150 1551 1
1151 172 1
1152 173 1
1153 1154 1
1153 1155 1
1153 1156 1
1153 1157 1
1154 173 1
1155 172 1
1156 174 1
1157 1158 1
1157 1159 1
1157 1549 1
1157 1550 1
1158 173 1
1159 1160 1
1159 1161 1
1159 1547 1
1159 1548 1
1160 174 1
1161 1162 1
1161 1163 1
1161 1164 1
1161 1165 1
1162 177 1
1163 175 1
1164 176 1
1165 1166 1
1165 1544 1
1165 1545 1
1165 1546 1
1166 1167 1
1166 1541 1
1166 1542 1
1166 1543 1
1167 1168 1
1167 1169 1
1167 1539 1
1167 1540 1
1168 180 1
1169 1170 1
1169 1171 1
1169 1172 1
1169 1538 1
1170 180 1
1171 181 1
1172 1173 1
1172 1535 1
1172 1536 1
1172 1537 1
1173 1174 1
1173 1175 1
1173 1533 1
1173 1534 1
1174 181 1
1175 1176 1
1175 1177 1
1175 1531 1
1175 1532 1
1176 182 1
1177 1178 1
1177 1179 1
1177 1180 1
1177 1181 1
1178 185 1
1179 183 1
1180 184 1
1181 1182 1
1181 1528 1
1181 1529 1
1181 1530 1
1182 1183 1
1182 1184 1
1182 1185 1
1182 1527 1
1183 187 1
1184 185 1
1185 1186 1
1185 1187 1
1185 1525 1
1185 1526 1
1186 188 1
1187 1188 1
1187 1189 1
1187 1190 1
1187 1524 1
1188 188 1
1189 189 1
1190 1191 1
1190 1521 1
1190 1522 1
1190 1523 1
1191 1192 1
1191 1193 1
1191 1519 1
1191 1520 1
1192 190 1
1193 1194 1
1193 1195 1
1193 1196 1
1193 1518 1
1194 191 1
1195 190 1
1196 1197 1
1196 1198 1
1196 1199 1
1196 1200 1
1197 193 1
1198 192 1
1199 191 1
1200 1201 1
1200 1515 1
1200 1516 1
1200 1517 1
1201 1202 1
1201 1512 1
1201 1513 1
1201 1514 1
1202 1203 1
1202 1204 1
1202 1510 1
1202 1511 1
1203 196 1
1204 1205 1
1204 1206 1
1204 1207 1
1204 1509 1
1205 195 1
1206 197 1
1207 1208 1
1207 1506 1
1207 1507 1
1207 1508 1
1208 1209 1
1208 1210 1
1208 1504 1
1208 1505 1
1209 198 1
1210 1211 1
1210 1212 1
1210 1213 1
1210 1503 1
1211 198 1
1212 199 1
1213 1214 1
1213 1215 1
1213 1216 1
1213 1217 1
1214 201 1
1215 200 1
1216 199 1
1217 1218 1
1217 1500 1
1217 1501 1
1217 1502 1
1218 1219 1
1218 1220 1
1218 1221 1
1218 1499 1
1219 202 1
1220 203 1
1221 1222 1
1221 1223 1
1221 1224 1
1221 1498 1
1222 204 1
1223 203 1
1224 1225 1
1224 1226 1
1224 1227 1
1224 1228 1
1225 203 1
1226 204 1
1227 205 1
1228 1229 1
1228 1495 1
1228 1496 1
1228 1497 1
1229 1230 1
1229 1231 1
1229 1493 1
1229 1494 1
1230 206 1
1231 1232 1
1231 1233 1
1231 1234 1
1231 1492 1
1232 206 1
1233 207 1
1234 1235 1
1234 1236 1
1234 1237 1
1234 1238 1
1235 209 1
1236 207 1
1237 208 1
1238 1239 1
1238 1240 1
1238 1241 1
1238 1242 1
1239 210 1
1240 209 1
1241 208 1
1242 1243 1
1242 1244 1
1242 1490 1
1242 1491 1
1243 211 1
1244 1245 1
1244 1246 1
1244 1247 1
1244 1489 1
1245 212 1
1246 211 1
1247 1248 1
1247 1249 1
1247 1250 1
1247 1251 1
1248 212 1
1249 211 1
1250 213 1
1251 1252 1
1251 1253 1
1251 1254 1
1251 1255 1
1252 212 1
1253 213 1
1254 216 1
1255 1256 1
1255 1257 1
1255 1487 1
1255 1488 1
1256 216 1
1257 1258 1
1257 1259 1
1257 1260 1
1257 1486 1
1258 216 1
1259 219 1
1260 1261 1
1260 1262 1
1260 1263 1
1260 1264 1
1261 221 1
1262 219 1
1263 220 1
1264 1265 1
1264 1483 1
1264 1484 1
1264 1485 1
1265 1266 1
1265 1267 1
1265 1481 1
1265 1482 1
1266 223 1
1267 1268 1
1267 1269 1
1267 1270 1
1267 1480 1
1268 223 1
1269 224 1
1270 1271 1
1270 1272 1
1270 1273 1
1270 1274 1
1271 223 1
1272 224 1
1273 225 1
1274 1275 1
1274 1276 1
1274 1277 1
1274 1278 1
1275 224 1
1276 225 1
1277 226 1
1278 1279 1
1278 1280 1
1278 1478 1
1278 1479 1
1279 225 1
1280 1281 1
1280 1282 1
1280 1283 1
1280 1284 1
1281 228 1
1282 226 1
1283 227 1
1284 1285 1
1284 1286 1
1284 1287 1
1284 1288 1
1285 229 1
1286 228 1
1287 227 1
1288 1289 1
1288 1475 1
1288 1476 1
1288 1477 1
1289 1290 1
1289 1291 1
1289 1473 1
1289 1474 1
1290 231 1
1291 1292 1
1291 1293 1
1291 1294 1
1291 1472 1
1292 231 1
1293 232 1
1294 1295 1
1294 1296 1
1294 1297 1
1294 1298 1
1295 232 1
1296 231 1
1297 233 1
1298 1299 1
1298 1300 1
1298 1301 1
1298 1302 1
1299 232 1
1300 233 1
1301 234 1
1302 1303 1
1302 1304 1
1302 1470 1
1302 1471 1
1303 234 1
1304 1305 1
1304 1306 1
1304 1307 1
1304 1308 1
1305 236 1
1306 234 1
1307 235 1
1308 1309 1
1308 1310 1
1308 1311 1
1308 1312 1
1309 237 1
1310 235 1
1311 236 1
1312 1313 1
1312 1467 1
1312 1468 1
1312 1469 1
1313 1314 1
1313 1315 1
1313 1465 1
1313 1466 1
1314 239 1
1315 1316 1
1315 1317 1
1315 1318 1
1315 1464 1
1316 239 1
1317 240 1
1318 1319 1
1318 1320 1
1318 1321 1
1318 1322 1
1319 240 1
1320 239 1
1321 243 1
1322 1323 1
1322 1324 1
1322 1462 1
1322 1463 1
1323 240 1
1324 1325 1
1324 1326 1
1324 1460 1
1324 1461 1
1325 243 1
1326 1327 1
1326 1328 1
1326 1329 1
1326 1330 1
1327 252 1
1328 246 1
1329 249 1
1330 1331 1
1330 1457 1
1330 1458 1
1330 1459 1
1331 1332 1
1331 1454 1
1331 1455 1
1331 1456 1
1332 1333 1
1332 1334 1
1332 1452 1
1332 1453 1
1333 261 1
1334 1335 1
1334 1336 1
1334 1337 1
1334 1451 1
1335 261 1
1336 264 1
1337 1338 1
1337 1448 1
1337 1449 1
1337 1450 1
1338 1339 1
1338 1340 1
1338 1446 1
1338 1447 1
1339 264 1
1340 1341 1
1340 1342 1
1340 1444 1
1340 1445 1
1341 267 1
1342 1343 1
1342 1344 1
1342 1345 1
1342 1346 1
1343 270 1
1344 268 1
1345 269 1
1346 1347 1
1346 1441 1
1346 1442 1
1346 1443 1
1347 1348 1
1347 1438 1
1347 1439 1
1347 1440 1
1348 1349 1
1348 1350 1
1348 1436 1
1348 1437 1
1349 273 1
1350 1351 1
1350 1352 1
1350 1353 1
1350 1435 1
1351 273 1
1352 274 1
1353 1354 1
1353 1432 1
1353 1433 1
1353 1434 1
1354 1355 1
1354 1356 1
1354 1430 1
1354 1431 1
1355 275 1
1356 1357 1
1356 1427 1
1356 1428 1
1356 1429 1
1357 1358 1
1357 1359 1
1357 1360 1
1357 1361 1
1358 278 1
1359 277 1
1360 276 1
1361 1362 1
1361 1424 1
1361 1425 1
1361 1426 1
1362 1363 1
1362 1421 1
1362 1422 1
1362 1423 1
1363 1364 1
1363 1365 1
1363 1419 1
1363 1420 1
1364 281 1
1365 1366 1
1365 1367 1
1365 1368 1
1365 1418 1
1366 280 1
1367 282 1
1368 1369 1
1368 1415 1
1368 1416 1
1368 1417 1
1369 1370 1
1369 1412 1
1369 1413 1
1369 1414 1
1370 1371 1
1370 1409 1
1370 1410 1
1370 1411 1
1371 1372 1
1371 1373 1
1371 1374 1
1371 1375 1
1372 286 1
1373 285 1
1374 284 1
1375 1376 1
1375 1406 1
1375 1407 1
1375 1408 1
1376 1377 1
1376 1403 1
1376 1404 1
1376 1405 1
1377 1378 1
1377 1379 1
1377 1380 1
1377 1402 1
1378 289 1
1379 288 1
1380 1381 1
1380 1382 1
1380 1383 1
1380 1384 1
1381 288 1
1382 289 1
1383 290 1
1384 1385 1
1384 1399 1
1384 1400 1
1384 1401 1
1385 1386 1
1385 1387 1
1385 1397 1
1385 1398 1
1386 291 1
1387 1388 1
1387 1389 1
1387 1390 1
1387 1396 1
1388 291 1
1389 292 1
1390 1391 1
1390 1392 1
1390 1393 1
1390 1394 1
1390 1395 1
1391 294 1
1392 293 1
1393 294 1
1394 292 1
1395 293 1
1396 293 1
1397 290 1
1398 292 1
1399 291 1
1400 290 1
1401 289 1
1402 287 1
1403 287 1
1404 288 1
1405 286 1
1406 287 1
1407 285 1
1408 286 1
1409 283 1
1410 284 1
1411 285 1
1412 283 1
1413 282 1
1414 284 1
1415 281 1
1416 283 1
1417 282 1
1418 281 1
1419 280 1
1420 279 1
1421 279 1
1422 280 1
1423 278 1
1424 279 1
1425 278 1
1426 277 1
1427 276 1
1428 275 1
1429 277 1
1430 274 1
1431 276 1
1432 273 1
1433 274 1
1434 275 1
1435 272 1
1436 272 1
1437 271 1
1438 270 1
1439 272 1
1440 271 1
1441 271 1
1442 270 1
1443 269 1
1444 268 1
1445 269 1
1446 268 1
1447 267 1
1448 261 1
1449 267 1
1450 264 1
1451 258 1
1452 258 1
1453 255 1
1454 252 1
1455 258 1
1456 255 1
1457 255 1
1458 252 1
1459 249 1
1460 246 1
1461 249 1
1462 246 1
1463 243 1
1464 238 1
1465 237 1
1466 238 1
1467 238 1
1468 236 1
1469 237 1
1470 233 1
1471 235 1
1472 230 1
1473 230 1
1474 229 1
1475 230 1
1476 228 1
1477 229 1
1478 226 1
1479 227 1
1480 222 1
1481 221 1
1482 222 1
1483 222 1
1484 220 1
1485 221 1
1486 220 1
1487 213 1
1488 219 1
1489 210 1
1490 209 1
1491 210 1
1492 208 1
1493 205 1
1494 207 1
1495 205 1
1496 206 1
1497 204 1
1498 202 1
1499 201 1
1500 202 1
1501 200 1
1502 201 1
1503 200 1
1504 197 1
1505 199 1
1506 196 1
1507 198 1
1508 197 1
1509 196 1
1510 195 1
1511 194 1
1512 194 1
1513 195 1
1514 193 1
1515 194 1
1516 193 1
1517 192 1
1518 192 1
1519 189 1
1520 191 1
1521 188 1
1522 189 1
1523 190 1
1524 187 1
1525 187 1
1526 186 1
1527 186 1
1528 186 1
1529 185 1
1530 184 1
1531 183 1
1532 184 1
1533 183 1
1534 182 1
1535 180 1
1536 182 1
1537 181 1
1538 179 1
1539 179 1
1540 178 1
1541 177 1
1542 179 1
1543 178 1
1544 178 1
1545 177 1
1546 176 1
1547 175 1
1548 176 1
1549 175 1
1550 174 1
1551 171 1
1552 172 1
1553 170 1
1554 171 1
1555 171 1
1556 169 1
1557 170 1
1558 166 1
1559 168 1
1560 163 1
1561 163 1
1562 162 1
1563 163 1
1564 161 1
1565 162 1
1566 159 1
1567 160 1
1568 155 1
1569 154 1
1570 155 1
1571 155 1
1572 153 1
1573 154 1
1574 153 1
1575 146 1
1576 152 1
1577 143 1
1578 142 1
1579 143 1
1580 141 1
1581 138 1
1582 140 1
1583 138 1
1584 139 1
1585 137 1
1586 135 1
1587 136 1
1588 134 1
1589 135 1
1590 133 1
1591 134 1
1592 133 1
1593 132 1
1594 129 1
1595 131 1
1596 130 1
1597 129 1
1598 128 1
1599 127 1
1600 127 1
1601 128 1
1602 126 1
1603 127 1
1604 126 1
1605 125 1
1606 125 1
1607 122 1
1608 124 1
1609 121 1
1610 122 1
1611 123 1
1612 120 1
1613 120 1
1614 119 1
1615 119 1
1616 119 1
1617 118 1
1618 117 1
1619 116 1
1620 117 1
1621 116 1
1622 115 1
1623 113 1
1624 114 1
1625 115 1
1626 112 1
1627 112 1
1628 111 1
1629 110 1
1630 112 1
1631 111 1
1632 111 1
1633 110 1
1634 109 1
1635 108 1
1636 108 1
1637 107 1
1638 104 1
1639 103 1
1640 104 1
1641 104 1
1642 102 1
1643 103 1
1644 99 1
1645 101 1
1646 96 1
1647 96 1
1648 95 1
1649 97 1
1650 95 1
1651 94 1
1652 96 1
1653 92 1
1654 93 1
1655 88 1
1656 88 1
1657 87 1
1658 89 1
1659 86 1
1660 87 1
1661 88 1
1662 82 1
1663 85 1
1664 76 1
1665 75 1
1666 76 1
1667 77 1
1668 76 1
1669 75 1
1670 74 1
1671 71 1
1672 73 1
1673 72 1
1674 71 1
1675 70 1
1676 69 1
1677 68 1
1678 67 1
1679 69 1
1680 66 1
1681 68 1
1682 67 1
1683 64 1
1684 63 1
1685 65 1
1686 63 1
1687 64 1
1688 62 1
1689 62 1
1690 61 1
1691 60 1
1692 60 1
1693 59 1
1694 61 1
1695 59 1
1696 60 1
1697 58 1
1698 57 1
1699 56 1
1700 55 1
1701 57 1
1702 54 1
1703 55 1
1704 56 1
1705 53 1
1706 53 1
1707 52 1
1708 51 1
1709 53 1
1710 52 1
1711 50 1
1712 51 1
1713 52 1
1714 49 1
1715 49 1
1716 48 1
1717 46 1
1718 47 1
1719 48 1
1720 45 1
1721 45 1
1722 44 1
1723 43 1
1724 45 1
1725 44 1
1726 44 1
1727 43 1
1728 42 1
1729 41 1
1730 41 1
1731 40 1
1732 37 1
1733 37 1
1734 36 1
1735 35 1
1736 36 1
1737 33 1
1738 34 1
1739 29 1
1740 29 1
1741 28 1
1742 30 1
1743 27 1
1744 28 1
1745 29 1
1746 25 1
1747 26 1
1748 21 1
1749 20 1
1750 22 1
1751 21 1
1752 19 1
1753 20 1
1754 21 1
1755 19 1
1756 15 1
1757 15 1
1758 8 1
1759 8 1
1760 15 1
1761 7 1
1762 763 1
1763 763 1
1764 763 1
