0 1 1
1 2 1
2 3 1
2 804 1
3 4 1
3 803 1
4 5 1
4 802 1
5 6 1
5 801 1
6 7 1
6 800 1
7 8 1
7 799 1
8 9 1
8 798 1
9 10 1
9 797 1
10 11 1
10 796 1
11 12 1
11 405 1
12 13 1
13 14 1
14 15 1
15 16 1
16 17 1
17 18 1
18 19 1
19 20 1
20 21 1
21 22 1
22 23 1
23 24 1
24 25 1
25 26 1
26 27 1
27 28 1
28 29 1
29 30 1
30 31 1
31 32 1
32 33 1
33 34 1
34 35 1
35 36 1
36 37 1
37 38 1
38 39 1
39 40 1
40 41 1
41 42 1
42 43 1
43 44 1
44 45 1
45 46 1
46 47 1
47 48 1
48 49 1
49 50 1
50 51 1
51 52 1
52 53 1
53 54 1
54 55 1
55 56 1
56 57 1
57 58 1
58 59 1
59 60 1
60 61 1
61 62 1
62 63 1
63 64 1
64 65 1
65 66 1
66 67 1
67 68 1
68 69 1
69 70 1
70 71 1
71 72 1
72 73 1
73 74 1
74 75 1
75 76 1
76 77 1
77 78 1
78 79 1
79 80 1
80 81 1
81 82 1
82 83 1
83 84 1
84 85 1
85 86 1
86 87 1
87 88 1
88 89 1
89 90 1
90 91 1
91 92 1
92 93 1
93 94 1
94 95 1
95 96 1
96 97 1
97 98 1
98 99 1
99 100 1
100 101 1
101 102 1
102 103 1
103 104 1
104 105 1
105 106 1
106 107 1
107 108 1
108 109 1
109 110 1
110 111 1
111 112 1
112 113 1
113 114 1
114 115 1
115 116 1
116 117 1
117 118 1
118 119 1
119 120 1
120 121 1
121 122 1
122 123 1
123 124 1
124 125 1
125 126 1
126 127 1
127 128 1
128 129 1
129 130 1
130 131 1
131 132 1
132 133 1
133 134 1
134 135 1
135 136 1
136 137 1
137 138 1
138 139 1
139 140 1
140 141 1
141 142 1
142 143 1
143 144 1
144 145 1
145 146 1
146 147 1
147 148 1
148 149 1
149 150 1
150 151 1
151 152 1
152 153 1
153 154 1
154 155 1
155 156 1
156 157 1
157 158 1
158 159 1
159 160 1
160 161 1
161 162 1
162 163 1
163 164 1
164 165 1
165 166 1
166 167 1
167 168 1
168 169 1
169 170 1
170 171 1
171 172 1
172 173 1
173 174 1
174 175 1
175 176 1
176 177 1
177 178 1
178 179 1
179 180 1
180 181 1
181 182 1
182 183 1
183 184 1
184 185 1
185 186 1
186 187 1
187 188 1
188 189 1
189 190 1
190 191 1
191 192 1
192 193 1
193 194 1
194 195 1
195 196 1
196 197 1
197 198 1
198 199 1
199 200 1
200 201 1
201 202 1
202 203 1
203 204 1
204 205 1
205 206 1
206 207 1
207 208 1
208 209 1
209 210 1
210 211 1
211 212 1
212 213 1
213 214 1
214 215 1
215 216 1
216 217 1
217 218 1
218 219 1
219 220 1
220 221 1
221 222 1
222 223 1
223 224 1
224 225 1
225 226 1
226 227 1
227 228 1
228 229 1
229 230 1
230 231 1
231 232 1
232 233 1
233 234 1
234 235 1
235 236 1
236 237 1
237 238 1
238 239 1
239 240 1
240 241 1
241 242 1
242 243 1
243 244 1
244 245 1
245 246 1
246 247 1
247 248 1
248 249 1
249 250 1
250 251 1
251 252 1
252 253 1
253 254 1
254 255 1
255 256 1
256 257 1
257 258 1
258 259 1
259 260 1
260 261 1
261 262 1
262 263 1
263 264 1
264 265 1
265 266 1
266 267 1
267 268 1
268 269 1
269 270 1
270 271 1
271 272 1
272 273 1
273 274 1
274 275 1
275 276 1
276 277 1
277 278 1
278 279 1
279 280 1
280 281 1
281 282 1
282 283 1
283 284 1
284 285 1
285 286 1
286 287 1
287 288 1
288 289 1
289 290 1
290 291 1
291 292 1
292 293 1
293 294 1
294 295 1
295 296 1
296 297 1
297 298 1
298 299 1
299 300 1
300 301 1
301 302 1
302 303 1
303 304 1
304 305 1
305 306 1
306 307 1
307 308 1
308 309 1
309 310 1
310 311 1
311 312 1
312 313 1
313 314 1
314 315 1
315 316 1
316 317 1
317 318 1
318 319 1
319 320 1
320 321 1
321 322 1
322 323 1
323 324 1
324 325 1
325 326 1
326 327 1
327 328 1
328 329 1
329 330 1
330 331 1
331 332 1
332 333 1
333 334 1
334 335 1
335 336 1
336 337 1
337 338 1
338 339 1
339 340 1
340 341 1
341 342 1
342 343 1
343 344 1
344 345 1
345 346 1
346 347 1
347 348 1
348 349 1
349 350 1
350 351 1
351 352 1
352 353 1
353 354 1
354 355 1
355 356 1
356 357 1
357 358 1
358 359 1
359 360 1
360 361 1
361 362 1
362 363 1
363 364 1
364 365 1
365 366 1
366 367 1
367 368 1
368 369 1
369 370 1
370 371 1
371 372 1
372 373 1
373 374 1
374 375 1
375 376 1
376 377 1
377 378 1
378 379 1
379 380 1
380 381 1
381 382 1
382 383 1
383 384 1
384 385 1
385 386 1
386 387 1
387 388 1
388 389 1
389 390 1
390 391 1
391 392 1
392 393 1
393 394 1
394 395 1
395 396 1
396 397 1
397 398 1
398 399 1
399 400 1
400 401 1
401 402 1
402 403 1
403 404 1
405 406 1
405 13 1
406 14 1
406 407 1
407 408 1
407 15 1
408 16 1
408 409 1
409 410 1
409 17 1
410 18 1
410 411 1
411 412 1
411 19 1
412 20 1
412 413 1
413 21 1
413 414 1
414 415 1
414 22 1
415 23 1
415 416 1
416 417 1
416 24 1
417 25 1
417 418 1
418 419 1
418 26 1
419 27 1
419 420 1
420 421 1
420 28 1
421 29 1
421 422 1
422 423 1
422 30 1
423 31 1
423 424 1
424 425 1
424 32 1
425 426 1
425 33 1
426 427 1
426 34 1
427 428 1
427 35 1
428 429 1
428 36 1
429 430 1
429 37 1
430 431 1
430 38 1
431 432 1
431 39 1
432 433 1
432 40 1
433 434 1
433 41 1
434 435 1
434 42 1
435 436 1
435 43 1
436 437 1
436 44 1
437 438 1
437 45 1
438 439 1
438 46 1
439 440 1
439 47 1
440 441 1
440 48 1
441 442 1
441 49 1
442 443 1
442 50 1
443 444 1
443 51 1
444 445 1
444 52 1
445 446 1
445 53 1
446 447 1
446 54 1
447 448 1
447 55 1
448 449 1
448 56 1
449 450 1
449 57 1
450 451 1
450 58 1
451 452 1
451 59 1
452 453 1
452 60 1
453 454 1
453 61 1
454 455 1
454 62 1
455 456 1
455 63 1
456 457 1
456 64 1
457 65 1
457 458 1
458 459 1
458 66 1
459 67 1
459 460 1
460 461 1
460 68 1
461 69 1
461 462 1
462 463 1
462 70 1
463 71 1
463 464 1
464 465 1
464 72 1
465 73 1
465 466 1
466 467 1
466 74 1
467 75 1
467 468 1
468 469 1
468 76 1
469 77 1
469 470 1
470 471 1
470 78 1
471 79 1
471 472 1
472 473 1
472 80 1
473 81 1
473 474 1
474 475 1
474 82 1
475 83 1
475 476 1
476 84 1
476 477 1
477 478 1
477 85 1
478 86 1
478 479 1
479 480 1
479 87 1
480 88 1
480 481 1
481 482 1
481 89 1
482 90 1
482 483 1
483 484 1
483 91 1
484 92 1
484 485 1
485 486 1
485 93 1
486 94 1
486 487 1
487 488 1
487 95 1
488 489 1
488 96 1
489 490 1
489 97 1
490 491 1
490 98 1
491 492 1
491 99 1
492 493 1
492 100 1
493 494 1
493 101 1
494 495 1
494 102 1
495 496 1
495 103 1
496 497 1
496 104 1
497 498 1
497 105 1
498 499 1
498 106 1
499 500 1
499 107 1
500 501 1
500 108 1
501 502 1
501 109 1
502 503 1
502 110 1
503 504 1
503 111 1
504 505 1
504 112 1
505 506 1
505 113 1
506 507 1
506 114 1
507 508 1
507 115 1
508 509 1
508 116 1
509 510 1
509 117 1
510 511 1
510 118 1
511 512 1
511 119 1
512 513 1
512 120 1
513 514 1
513 121 1
514 515 1
514 122 1
515 516 1
515 123 1
516 517 1
516 124 1
517 518 1
517 125 1
518 519 1
518 126 1
519 520 1
519 127 1
520 521 1
520 128 1
521 522 1
521 129 1
522 523 1
522 130 1
523 524 1
523 131 1
524 525 1
524 132 1
525 526 1
525 133 1
526 527 1
526 134 1
527 528 1
527 135 1
528 529 1
528 136 1
529 530 1
529 137 1
530 531 1
530 138 1
531 532 1
531 139 1
532 533 1
532 140 1
533 534 1
533 141 1
534 535 1
534 142 1
535 536 1
535 143 1
536 537 1
536 144 1
537 538 1
537 145 1
538 539 1
538 146 1
539 147 1
539 540 1
540 541 1
540 148 1
541 149 1
541 542 1
542 543 1
542 150 1
543 151 1
543 544 1
544 545 1
544 152 1
545 546 1
545 153 1
546 547 1
546 154 1
547 548 1
547 155 1
548 549 1
548 156 1
549 550 1
549 157 1
550 551 1
550 158 1
551 552 1
551 159 1
552 553 1
552 160 1
553 554 1
553 161 1
554 555 1
554 162 1
555 556 1
555 163 1
556 557 1
556 164 1
557 558 1
557 165 1
558 559 1
558 166 1
559 560 1
559 167 1
560 561 1
560 168 1
561 562 1
561 169 1
562 563 1
562 170 1
563 564 1
563 171 1
564 565 1
564 172 1
565 566 1
565 173 1
566 567 1
566 174 1
567 568 1
567 175 1
568 569 1
568 176 1
569 570 1
569 177 1
570 571 1
570 178 1
571 572 1
571 179 1
572 573 1
572 180 1
573 574 1
573 181 1
574 575 1
574 182 1
575 576 1
575 183 1
576 577 1
576 184 1
577 578 1
577 185 1
578 579 1
578 186 1
579 580 1
579 187 1
580 581 1
580 188 1
581 582 1
581 189 1
582 583 1
582 190 1
583 584 1
583 191 1
584 585 1
584 192 1
585 586 1
585 193 1
586 587 1
586 194 1
587 588 1
587 195 1
588 589 1
588 196 1
589 590 1
589 197 1
590 591 1
590 198 1
591 592 1
591 199 1
592 593 1
592 200 1
593 594 1
593 201 1
594 595 1
594 202 1
595 596 1
595 203 1
596 597 1
596 204 1
597 598 1
597 205 1
598 599 1
598 206 1
599 600 1
599 207 1
600 601 1
600 208 1
601 602 1
601 209 1
602 210 1
602 603 1
603 604 1
603 211 1
604 212 1
604 605 1
605 606 1
605 213 1
606 214 1
606 607 1
607 608 1
607 215 1
608 609 1
608 216 1
609 610 1
609 217 1
610 611 1
610 218 1
611 612 1
611 219 1
612 613 1
612 220 1
613 614 1
613 221 1
614 615 1
614 222 1
615 616 1
615 223 1
616 617 1
616 224 1
617 618 1
617 225 1
618 619 1
618 226 1
619 620 1
619 227 1
620 621 1
620 228 1
621 622 1
621 229 1
622 623 1
622 230 1
623 624 1
623 231 1
624 625 1
624 232 1
625 626 1
625 233 1
626 627 1
626 234 1
627 628 1
627 235 1
628 629 1
628 236 1
629 630 1
629 237 1
630 631 1
630 238 1
631 632 1
631 239 1
632 633 1
632 240 1
633 634 1
633 241 1
634 635 1
634 242 1
635 636 1
635 243 1
636 637 1
636 244 1
637 638 1
637 245 1
638 639 1
638 246 1
639 640 1
639 247 1
640 641 1
640 248 1
641 642 1
641 249 1
642 643 1
642 250 1
643 644 1
643 251 1
644 645 1
644 252 1
645 646 1
645 253 1
646 647 1
646 254 1
647 648 1
647 255 1
648 649 1
648 256 1
649 650 1
649 257 1
650 651 1
650 258 1
651 652 1
651 259 1
652 653 1
652 260 1
653 654 1
653 261 1
654 655 1
654 262 1
655 656 1
655 263 1
656 657 1
656 264 1
657 658 1
657 265 1
658 659 1
658 266 1
659 660 1
659 267 1
660 661 1
660 268 1
661 662 1
661 269 1
662 663 1
662 270 1
663 664 1
663 271 1
664 665 1
664 272 1
665 273 1
665 666 1
666 667 1
666 274 1
667 275 1
667 668 1
668 669 1
668 276 1
669 277 1
669 670 1
670 671 1
670 278 1
671 672 1
671 279 1
672 673 1
672 280 1
673 674 1
673 281 1
674 675 1
674 282 1
675 676 1
675 283 1
676 677 1
676 284 1
677 678 1
677 285 1
678 679 1
678 286 1
679 680 1
679 287 1
680 681 1
680 288 1
681 682 1
681 289 1
682 683 1
682 290 1
683 684 1
683 291 1
684 685 1
684 292 1
685 686 1
685 293 1
686 687 1
686 294 1
687 688 1
687 295 1
688 689 1
688 296 1
689 690 1
689 297 1
690 691 1
690 298 1
691 692 1
691 299 1
692 693 1
692 300 1
693 694 1
693 301 1
694 695 1
694 302 1
695 696 1
695 303 1
696 697 1
696 304 1
697 698 1
697 305 1
698 699 1
698 306 1
699 700 1
699 307 1
700 701 1
700 308 1
701 702 1
701 309 1
702 703 1
702 310 1
703 704 1
703 311 1
704 705 1
704 312 1
705 706 1
705 313 1
706 707 1
706 314 1
707 708 1
707 315 1
708 709 1
708 316 1
709 710 1
709 317 1
710 711 1
710 318 1
711 712 1
711 319 1
712 713 1
712 320 1
713 714 1
713 321 1
714 715 1
714 322 1
715 716 1
715 323 1
716 717 1
716 324 1
717 718 1
717 325 1
718 719 1
718 326 1
719 720 1
719 327 1
720 721 1
720 328 1
721 722 1
721 329 1
722 723 1
722 330 1
723 724 1
723 331 1
724 725 1
724 332 1
725 726 1
725 333 1
726 727 1
726 334 1
727 728 1
727 335 1
728 336 1
728 729 1
729 730 1
729 337 1
730 338 1
730 731 1
731 732 1
731 339 1
732 340 1
732 733 1
733 734 1
733 341 1
734 735 1
734 342 1
735 736 1
735 343 1
736 737 1
736 344 1
737 738 1
737 345 1
738 739 1
738 346 1
739 740 1
739 347 1
740 741 1
740 348 1
741 742 1
741 349 1
742 743 1
742 350 1
743 744 1
743 351 1
744 745 1
744 352 1
745 746 1
745 353 1
746 747 1
746 354 1
747 748 1
747 355 1
748 749 1
748 356 1
749 750 1
749 357 1
750 751 1
750 358 1
751 752 1
751 359 1
752 753 1
752 360 1
753 754 1
753 361 1
754 755 1
754 362 1
755 756 1
755 363 1
756 757 1
756 364 1
757 758 1
757 365 1
758 759 1
758 366 1
759 760 1
759 367 1
760 761 1
760 368 1
761 762 1
761 369 1
762 763 1
762 370 1
763 764 1
763 371 1
764 765 1
764 372 1
765 766 1
765 373 1
766 767 1
766 374 1
767 768 1
767 375 1
768 769 1
768 376 1
769 770 1
769 377 1
770 771 1
770 378 1
771 772 1
771 379 1
772 773 1
772 380 1
773 774 1
773 381 1
774 775 1
774 382 1
775 776 1
775 383 1
776 777 1
776 384 1
777 778 1
777 385 1
778 779 1
778 386 1
779 780 1
779 387 1
780 781 1
780 388 1
781 782 1
781 389 1
782 783 1
782 390 1
783 784 1
783 391 1
784 785 1
784 392 1
785 786 1
785 393 1
786 787 1
786 394 1
787 788 1
787 395 1
788 789 1
788 396 1
789 790 1
789 397 1
790 791 1
790 398 1
791 399 1
791 792 1
792 793 1
792 400 1
793 401 1
793 794 1
794 795 1
794 402 1
795 403 1
796 12 1
797 796 1
798 797 1
799 798 1
800 799 1
801 800 1
802 801 1
803 802 1
804 4 1
804 805 1
805 5 1
805 806 1
806 807 1
806 6 1
807 808 1
807 7 1
808 809 1
808 8 1
809 810 1
809 9 1
810 811 1
810 10 1
811 812 1
811 11 1
812 813 1
812 405 1
813 814 1
813 406 1
814 815 1
814 407 1
815 816 1
815 408 1
816 817 1
816 409 1
817 818 1
817 410 1
818 819 1
818 411 1
819 820 1
819 412 1
820 821 1
820 413 1
821 822 1
821 414 1
822 823 1
822 415 1
823 824 1
823 416 1
824 825 1
824 417 1
825 826 1
825 418 1
826 827 1
826 419 1
827 828 1
827 420 1
828 829 1
828 421 1
829 830 1
829 422 1
830 831 1
830 423 1
831 832 1
831 424 1
832 833 1
832 425 1
833 834 1
833 426 1
834 835 1
834 427 1
835 836 1
835 428 1
836 837 1
836 429 1
837 838 1
837 430 1
838 431 1
838 839 1
839 840 1
839 432 1
840 433 1
840 841 1
841 842 1
841 434 1
842 435 1
842 843 1
843 844 1
843 436 1
844 437 1
844 845 1
845 846 1
845 438 1
846 439 1
846 847 1
847 848 1
847 440 1
848 441 1
848 849 1
849 850 1
849 442 1
850 443 1
850 851 1
851 852 1
851 444 1
852 445 1
852 853 1
853 854 1
853 446 1
854 447 1
854 855 1
855 856 1
855 448 1
856 449 1
856 857 1
857 858 1
857 450 1
858 451 1
858 859 1
859 860 1
859 452 1
860 453 1
860 861 1
861 862 1
861 454 1
862 455 1
862 863 1
863 864 1
863 456 1
864 457 1
864 865 1
865 866 1
865 458 1
866 459 1
866 867 1
867 868 1
867 460 1
868 461 1
868 869 1
869 870 1
869 462 1
870 871 1
870 463 1
871 872 1
871 464 1
872 873 1
872 465 1
873 874 1
873 466 1
874 875 1
874 467 1
875 876 1
875 468 1
876 877 1
876 469 1
877 878 1
877 470 1
878 879 1
878 471 1
879 880 1
879 472 1
880 881 1
880 473 1
881 882 1
881 474 1
882 883 1
882 475 1
883 884 1
883 476 1
884 885 1
884 477 1
885 886 1
885 478 1
886 887 1
886 479 1
887 888 1
887 480 1
888 889 1
888 481 1
889 890 1
889 482 1
890 891 1
890 483 1
891 892 1
891 484 1
892 893 1
892 485 1
893 894 1
893 486 1
894 895 1
894 487 1
895 896 1
895 488 1
896 897 1
896 489 1
897 898 1
897 490 1
898 899 1
898 491 1
899 900 1
899 492 1
900 901 1
900 493 1
901 494 1
901 902 1
902 903 1
902 495 1
903 496 1
903 904 1
904 905 1
904 497 1
905 498 1
905 906 1
906 907 1
906 499 1
907 500 1
907 908 1
908 909 1
908 501 1
909 502 1
909 910 1
910 911 1
910 503 1
911 504 1
911 912 1
912 913 1
912 505 1
913 506 1
913 914 1
914 915 1
914 507 1
915 508 1
915 916 1
916 917 1
916 509 1
917 510 1
917 918 1
918 919 1
918 511 1
919 512 1
919 920 1
920 921 1
920 513 1
921 514 1
921 922 1
922 923 1
922 515 1
923 516 1
923 924 1
924 925 1
924 517 1
925 518 1
925 926 1
926 927 1
926 519 1
927 520 1
927 928 1
928 929 1
928 521 1
929 522 1
929 930 1
930 931 1
930 523 1
931 524 1
931 932 1
932 933 1
932 525 1
933 934 1
933 526 1
934 935 1
934 527 1
935 936 1
935 528 1
936 937 1
936 529 1
937 938 1
937 530 1
938 939 1
938 531 1
939 940 1
939 532 1
940 941 1
940 533 1
941 942 1
941 534 1
942 943 1
942 535 1
943 944 1
943 536 1
944 945 1
944 537 1
945 946 1
945 538 1
946 947 1
946 539 1
947 948 1
947 540 1
948 949 1
948 541 1
949 950 1
949 542 1
950 951 1
950 543 1
951 952 1
951 544 1
952 953 1
952 545 1
953 954 1
953 546 1
954 955 1
954 547 1
955 956 1
955 548 1
956 957 1
956 549 1
957 958 1
957 550 1
958 959 1
958 551 1
959 960 1
959 552 1
960 961 1
960 553 1
961 962 1
961 554 1
962 963 1
962 555 1
963 964 1
963 556 1
964 557 1
964 965 1
965 966 1
965 558 1
966 559 1
966 967 1
967 968 1
967 560 1
968 561 1
968 969 1
969 970 1
969 562 1
970 563 1
970 971 1
971 972 1
971 564 1
972 565 1
972 973 1
973 974 1
973 566 1
974 567 1
974 975 1
975 976 1
975 568 1
976 569 1
976 977 1
977 978 1
977 570 1
978 571 1
978 979 1
979 980 1
979 572 1
980 573 1
980 981 1
981 982 1
981 574 1
982 575 1
982 983 1
983 984 1
983 576 1
984 577 1
984 985 1
985 986 1
985 578 1
986 579 1
986 987 1
987 988 1
987 580 1
988 581 1
988 989 1
989 990 1
989 582 1
990 583 1
990 991 1
991 992 1
991 584 1
992 585 1
992 993 1
993 994 1
993 586 1
994 587 1
994 995 1
995 996 1
995 588 1
996 997 1
996 589 1
997 998 1
997 590 1
998 999 1
998 591 1
999 1000 1
999 592 1
1000 1001 1
1000 593 1
1001 1002 1
1001 594 1
1002 1003 1
1002 595 1
1003 1004 1
1003 596 1
1004 1005 1
1004 597 1
1005 1006 1
1005 598 1
1006 1007 1
1006 599 1
1007 1008 1
1007 600 1
1008 1009 1
1008 601 1
1009 1010 1
1009 602 1
1010 1011 1
1010 603 1
1011 1012 1
1011 604 1
1012 1013 1
1012 605 1
1013 1014 1
1013 606 1
1014 1015 1
1014 607 1
1015 1016 1
1015 608 1
1016 1017 1
1016 609 1
1017 1018 1
1017 610 1
1018 1019 1
1018 611 1
1019 1020 1
1019 612 1
1020 1021 1
1020 613 1
1021 1022 1
1021 614 1
1022 1023 1
1022 615 1
1023 1024 1
1023 616 1
1024 1025 1
1024 617 1
1025 1026 1
1025 618 1
1026 1027 1
1026 619 1
1027 620 1
1027 1028 1
1028 1029 1
1028 621 1
1029 622 1
1029 1030 1
1030 1031 1
1030 623 1
1031 624 1
1031 1032 1
1032 1033 1
1032 625 1
1033 626 1
1033 1034 1
1034 1035 1
1034 627 1
1035 628 1
1035 1036 1
1036 1037 1
1036 629 1
1037 630 1
1037 1038 1
1038 1039 1
1038 631 1
1039 632 1
1039 1040 1
1040 1041 1
1040 633 1
1041 634 1
1041 1042 1
1042 1043 1
1042 635 1
1043 636 1
1043 1044 1
1044 1045 1
1044 637 1
1045 638 1
1045 1046 1
1046 1047 1
1046 639 1
1047 640 1
1047 1048 1
1048 1049 1
1048 641 1
1049 642 1
1049 1050 1
1050 1051 1
1050 643 1
1051 644 1
1051 1052 1
1052 1053 1
1052 645 1
1053 646 1
1053 1054 1
1054 1055 1
1054 647 1
1055 648 1
1055 1056 1
1056 1057 1
1056 649 1
1057 650 1
1057 1058 1
1058 1059 1
1058 651 1
1059 1060 1
1059 652 1
1060 1061 1
1060 653 1
1061 1062 1
1061 654 1
1062 1063 1
1062 655 1
1063 1064 1
1063 656 1
1064 1065 1
1064 657 1
1065 1066 1
1065 658 1
1066 1067 1
1066 659 1
1067 1068 1
1067 660 1
1068 1069 1
1068 661 1
1069 1070 1
1069 662 1
1070 1071 1
1070 663 1
1071 1072 1
1071 664 1
1072 1073 1
1072 665 1
1073 1074 1
1073 666 1
1074 1075 1
1074 667 1
1075 1076 1
1075 668 1
1076 1077 1
1076 669 1
1077 1078 1
1077 670 1
1078 1079 1
1078 671 1
1079 1080 1
1079 672 1
1080 1081 1
1080 673 1
1081 1082 1
1081 674 1
1082 1083 1
1082 675 1
1083 1084 1
1083 676 1
1084 1085 1
1084 677 1
1085 1086 1
1085 678 1
1086 1087 1
1086 679 1
1087 1088 1
1087 680 1
1088 1089 1
1088 681 1
1089 1090 1
1089 682 1
1090 683 1
1090 1091 1
1091 1092 1
1091 684 1
1092 685 1
1092 1093 1
1093 1094 1
1093 686 1
1094 687 1
1094 1095 1
1095 1096 1
1095 688 1
1096 689 1
1096 1097 1
1097 1098 1
1097 690 1
1098 691 1
1098 1099 1
1099 1100 1
1099 692 1
1100 693 1
1100 1101 1
1101 1102 1
1101 694 1
1102 695 1
1102 1103 1
1103 1104 1
1103 696 1
1104 697 1
1104 1105 1
1105 1106 1
1105 698 1
1106 699 1
1106 1107 1
1107 1108 1
1107 700 1
1108 701 1
1108 1109 1
1109 1110 1
1109 702 1
1110 703 1
1110 1111 1
1111 1112 1
1111 704 1
1112 705 1
1112 1113 1
1113 1114 1
1113 706 1
1114 707 1
1114 1115 1
1115 1116 1
1115 708 1
1116 709 1
1116 1117 1
1117 1118 1
1117 710 1
1118 711 1
1118 1119 1
1119 1120 1
1119 712 1
1120 713 1
1120 1121 1
1121 1122 1
1121 714 1
1122 1123 1
1122 715 1
1123 1124 1
1123 716 1
1124 1125 1
1124 717 1
1125 1126 1
1125 718 1
1126 1127 1
1126 719 1
1127 1128 1
1127 720 1
1128 1129 1
1128 721 1
1129 1130 1
1129 722 1
1130 1131 1
1130 723 1
1131 1132 1
1131 724 1
1132 1133 1
1132 725 1
1133 1134 1
1133 726 1
1134 1135 1
1134 727 1
1135 1136 1
1135 728 1
1136 1137 1
1136 729 1
1137 1138 1
1137 730 1
1138 1139 1
1138 731 1
1139 1140 1
1139 732 1
1140 1141 1
1140 733 1
1141 1142 1
1141 734 1
1142 1143 1
1142 735 1
1143 1144 1
1143 736 1
1144 1145 1
1144 737 1
1145 1146 1
1145 738 1
1146 1147 1
1146 739 1
1147 1148 1
1147 740 1
1148 1149 1
1148 741 1
1149 1150 1
1149 742 1
1150 1151 1
1150 743 1
1151 1152 1
1151 744 1
1152 1153 1
1152 745 1
1153 746 1
1153 1154 1
1154 1155 1
1154 747 1
1155 748 1
1155 1156 1
1156 1157 1
1156 749 1
1157 750 1
1157 1158 1
1158 1159 1
1158 751 1
1159 752 1
1159 1160 1
1160 1161 1
1160 753 1
1161 754 1
1161 1162 1
1162 1163 1
1162 755 1
1163 756 1
1163 1164 1
1164 1165 1
1164 757 1
1165 758 1
1165 1166 1
1166 1167 1
1166 759 1
1167 760 1
1167 1168 1
1168 1169 1
1168 761 1
1169 762 1
1169 1170 1
1170 1171 1
1170 763 1
1171 764 1
1171 1172 1
1172 1173 1
1172 765 1
1173 766 1
1173 1174 1
1174 1175 1
1174 767 1
1175 768 1
1175 1176 1
1176 1177 1
1176 769 1
1177 770 1
1177 1178 1
1178 1179 1
1178 771 1
1179 772 1
1179 1180 1
1180 1181 1
1180 773 1
1181 774 1
1181 1182 1
1182 1183 1
1182 775 1
1183 776 1
1183 1184 1
1184 1185 1
1184 777 1
1185 1186 1
1185 778 1
1186 1187 1
1186 779 1
1187 1188 1
1187 780 1
1188 1189 1
1188 781 1
1189 1190 1
1189 782 1
1190 1191 1
1190 783 1
1191 1192 1
1191 784 1
1192 1193 1
1192 785 1
1193 1194 1
1193 786 1
1194 1195 1
1194 787 1
1195 1196 1
1195 788 1
1196 1197 1
1196 789 1
1197 1198 1
1197 790 1
1198 1199 1
1198 791 1
1199 1200 1
1199 792 1
1200 1201 1
1200 793 1
1201 1202 1
1201 794 1
1202 795 1
1203 1204 1
1204 804 1
1205 1206 1
1206 805 1
1207 1208 1
1208 806 1
1209 1210 1
1210 807 1
1211 1212 1
1212 808 1
1213 1214 1
1214 809 1
1215 1216 1
1216 810 1
1217 1218 1
1218 811 1
1219 1220 1
1220 812 1
1221 1222 1
1222 813 1
1223 1224 1
1224 814 1
1225 1226 1
1226 815 1
1227 1228 1
1228 816 1
1229 1230 1
1230 817 1
1231 1232 1
1232 818 1
1233 1234 1
1234 819 1
1235 1236 1
1236 820 1
1237 1238 1
1238 821 1
1239 1240 1
1240 822 1
1241 1242 1
1242 823 1
1243 1244 1
1244 824 1
1245 1246 1
1246 825 1
1247 1248 1
1248 826 1
1249 1250 1
1250 827 1
1251 1252 1
1252 828 1
1253 1254 1
1254 829 1
1255 1256 1
1256 830 1
1257 1258 1
1258 831 1
1259 1260 1
1260 832 1
1261 1262 1
1262 833 1
1263 1264 1
1264 834 1
1265 1266 1
1266 835 1
1267 1268 1
1268 836 1
1269 1270 1
1270 837 1
1271 1272 1
1272 838 1
1273 1274 1
1274 839 1
1275 1276 1
1276 840 1
1277 1278 1
1278 841 1
1279 1280 1
1280 842 1
1281 1282 1
1282 843 1
1283 1284 1
1284 844 1
1285 1286 1
1286 845 1
1287 1288 1
1288 846 1
1289 1290 1
1290 847 1
1291 1292 1
1292 848 1
1293 1294 1
1294 849 1
1295 1296 1
1296 850 1
1297 1298 1
1298 851 1
1299 1300 1
1300 852 1
1301 1302 1
1302 853 1
1303 1304 1
1304 854 1
1305 1306 1
1306 855 1
1307 1308 1
1308 856 1
1309 1310 1
1310 857 1
1311 1312 1
1312 858 1
1313 1314 1
1314 859 1
1315 1316 1
1316 860 1
1317 1318 1
1318 861 1
1319 1320 1
1320 862 1
1321 1322 1
1322 863 1
1323 1324 1
1324 864 1
1325 1326 1
1326 865 1
1327 1328 1
1328 866 1
1329 1330 1
1330 867 1
1331 1332 1
1332 868 1
1333 1334 1
1334 869 1
1335 1336 1
1336 870 1
1337 1338 1
1338 871 1
1339 1340 1
1340 872 1
1341 1342 1
1342 873 1
1343 1344 1
1344 874 1
1345 1346 1
1346 875 1
1347 1348 1
1348 876 1
1349 1350 1
1350 877 1
1351 1352 1
1352 878 1
1353 1354 1
1354 879 1
1355 1356 1
1356 880 1
1357 1358 1
1358 881 1
1359 1360 1
1360 882 1
1361 1362 1
1362 883 1
1363 1364 1
1364 884 1
1365 1366 1
1366 885 1
1367 1368 1
1368 886 1
1369 1370 1
1370 887 1
1371 1372 1
1372 888 1
1373 1374 1
1374 889 1
1375 1376 1
1376 890 1
1377 1378 1
1378 891 1
1379 1380 1
1380 892 1
1381 1382 1
1382 893 1
1383 1384 1
1384 894 1
1385 1386 1
1386 895 1
1387 1388 1
1388 896 1
1389 1390 1
1390 897 1
1391 1392 1
1392 898 1
1393 1394 1
1394 899 1
1395 1396 1
1396 900 1
1397 1398 1
1398 901 1
1399 1400 1
1400 902 1
1401 1402 1
1402 903 1
1403 1404 1
1404 904 1
1405 1406 1
1406 905 1
1407 1408 1
1408 906 1
1409 1410 1
1410 907 1
1411 1412 1
1412 908 1
1413 1414 1
1414 909 1
1415 1416 1
1416 910 1
1417 1418 1
1418 911 1
1419 1420 1
1420 912 1
1421 1422 1
1422 913 1
1423 1424 1
1424 914 1
1425 1426 1
1426 915 1
1427 1428 1
1428 916 1
1429 1430 1
1430 917 1
1431 1432 1
1432 918 1
1433 1434 1
1434 919 1
1435 1436 1
1436 920 1
1437 1438 1
1438 921 1
1439 1440 1
1440 922 1
1441 1442 1
1442 923 1
1443 1444 1
1444 924 1
1445 1446 1
1446 925 1
1447 1448 1
1448 926 1
1449 1450 1
1450 927 1
1451 1452 1
1452 928 1
1453 1454 1
1454 929 1
1455 1456 1
1456 930 1
1457 1458 1
1458 931 1
1459 1460 1
1460 932 1
1461 1462 1
1462 933 1
1463 1464 1
1464 934 1
1465 1466 1
1466 935 1
1467 1468 1
1468 936 1
1469 1470 1
1470 937 1
1471 1472 1
1472 938 1
1473 1474 1
1474 939 1
1475 1476 1
1476 940 1
1477 1478 1
1478 941 1
1479 1480 1
1480 942 1
1481 1482 1
1482 943 1
1483 1484 1
1484 944 1
1485 1486 1
1486 945 1
1487 1488 1
1488 946 1
1489 1490 1
1490 947 1
1491 1492 1
1492 948 1
1493 1494 1
1494 949 1
1495 1496 1
1496 950 1
1497 1498 1
1498 951 1
1499 1500 1
1500 952 1
1501 1502 1
1502 953 1
1503 1504 1
1504 954 1
1505 1506 1
1506 955 1
1507 1508 1
1508 956 1
1509 1510 1
1510 957 1
1511 1512 1
1512 958 1
1513 1514 1
1514 959 1
1515 1516 1
1516 960 1
1517 1518 1
1518 961 1
1519 1520 1
1520 962 1
1521 1522 1
1522 963 1
1523 1524 1
1524 964 1
1525 1526 1
1526 965 1
1527 1528 1
1528 966 1
1529 1530 1
1530 967 1
1531 1532 1
1532 968 1
1533 1534 1
1534 969 1
1535 1536 1
1536 970 1
1537 1538 1
1538 971 1
1539 1540 1
1540 972 1
1541 1542 1
1542 973 1
1543 1544 1
1544 974 1
1545 1546 1
1546 975 1
1547 1548 1
1548 976 1
1549 1550 1
1550 977 1
1551 1552 1
1552 978 1
1553 1554 1
1554 979 1
1555 1556 1
1556 980 1
1557 1558 1
1558 981 1
1559 1560 1
1560 982 1
1561 1562 1
1562 983 1
1563 1564 1
1564 984 1
1565 1566 1
1566 985 1
1567 1568 1
1568 986 1
1569 1570 1
1570 987 1
1571 1572 1
1572 988 1
1573 1574 1
1574 989 1
1575 1576 1
1576 990 1
1577 1578 1
1578 991 1
1579 1580 1
1580 992 1
1581 1582 1
1582 993 1
1583 1584 1
1584 994 1
1585 1586 1
1586 995 1
1587 1588 1
1588 996 1
1589 1590 1
1590 997 1
1591 1592 1
1592 998 1
1593 1594 1
1594 999 1
1595 1596 1
1596 1000 1
1597 1598 1
1598 1001 1
1599 1600 1
1600 1002 1
1601 1602 1
1602 1003 1
1603 1604 1
1604 1004 1
1605 1606 1
1606 1005 1
1607 1608 1
1608 1006 1
1609 1610 1
1610 1007 1
1611 1612 1
1612 1008 1
1613 1614 1
1614 1009 1
1615 1616 1
1616 1010 1
1617 1618 1
1618 1011 1
1619 1620 1
1620 1012 1
1621 1622 1
1622 1013 1
1623 1624 1
1624 1014 1
1625 1626 1
1626 1015 1
1627 1628 1
1628 1016 1
1629 1630 1
1630 1017 1
1631 1632 1
1632 1018 1
1633 1634 1
1634 1019 1
1635 1636 1
1636 1020 1
1637 1638 1
1638 1021 1
1639 1640 1
1640 1022 1
1641 1642 1
1642 1023 1
1643 1644 1
1644 1024 1
1645 1646 1
1646 1025 1
1647 1648 1
1648 1026 1
1649 1650 1
1650 1027 1
1651 1652 1
1652 1028 1
1653 1654 1
1654 1029 1
1655 1656 1
1656 1030 1
1657 1658 1
1658 1031 1
1659 1660 1
1660 1032 1
1661 1662 1
1662 1033 1
1663 1664 1
1664 1034 1
1665 1666 1
1666 1035 1
1667 1668 1
1668 1036 1
1669 1670 1
1670 1037 1
1671 1672 1
1672 1038 1
1673 1674 1
1674 1039 1
1675 1676 1
1676 1040 1
1677 1678 1
1678 1041 1
1679 1680 1
1680 1042 1
1681 1682 1
1682 1043 1
1683 1684 1
1684 1044 1
1685 1686 1
1686 1045 1
1687 1688 1
1688 1046 1
1689 1690 1
1690 1047 1
1691 1692 1
1692 1048 1
1693 1694 1
1694 1049 1
1695 1696 1
1696 1050 1
1697 1698 1
1698 1051 1
1699 1700 1
1700 1052 1
1701 1702 1
1702 1053 1
1703 1704 1
1704 1054 1
1705 1706 1
1706 1055 1
1707 1708 1
1708 1056 1
1709 1710 1
1710 1057 1
1711 1712 1
1712 1058 1
1713 1714 1
1714 1059 1
1715 1716 1
1716 1060 1
1717 1718 1
1718 1061 1
1719 1720 1
1720 1062 1
1721 1722 1
1722 1063 1
1723 1724 1
1724 1064 1
1725 1726 1
1726 1065 1
1727 1728 1
1728 1066 1
1729 1730 1
1730 1067 1
1731 1732 1
1732 1068 1
1733 1734 1
1734 1069 1
1735 1736 1
1736 1070 1
1737 1738 1
1738 1071 1
1739 1740 1
1740 1072 1
1741 1742 1
1742 1073 1
1743 1744 1
1744 1074 1
1745 1746 1
1746 1075 1
1747 1748 1
1748 1076 1
1749 1750 1
1750 1077 1
1751 1752 1
1752 1078 1
1753 1754 1
1754 1079 1
1755 1756 1
1756 1080 1
1757 1758 1
1758 1081 1
1759 1760 1
1760 1082 1
1761 1762 1
1762 1083 1
1763 1764 1
1764 1084 1
1765 1766 1
1766 1085 1
1767 1768 1
1768 1086 1
1769 1770 1
1770 1087 1
1771 1772 1
1772 1088 1
1773 1774 1
1774 1089 1
1775 1776 1
1776 1090 1
1777 1778 1
1778 1091 1
1779 1780 1
1780 1092 1
1781 1782 1
1782 1093 1
1783 1784 1
1784 1094 1
1785 1786 1
1786 1095 1
1787 1788 1
1788 1096 1
1789 1790 1
1790 1097 1
1791 1792 1
1792 1098 1
1793 1794 1
1794 1099 1
1795 1796 1
1796 1100 1
1797 1798 1
1798 1101 1
1799 1800 1
1800 1102 1
1801 1802 1
1802 1103 1
1803 1804 1
1804 1104 1
1805 1806 1
1806 1105 1
1807 1808 1
1808 1106 1
1809 1810 1
1810 1107 1
1811 1812 1
1812 1108 1
1813 1814 1
1814 1109 1
1815 1816 1
1816 1110 1
1817 1818 1
1818 1111 1
1819 1820 1
1820 1112 1
1821 1822 1
1822 1113 1
1823 1824 1
1824 1114 1
1825 1826 1
1826 1115 1
1827 1828 1
1828 1116 1
1829 1830 1
1830 1117 1
1831 1832 1
1832 1118 1
1833 1834 1
1834 1119 1
1835 1836 1
1836 1120 1
1837 1838 1
1838 1121 1
1839 1840 1
1840 1122 1
1841 1842 1
1842 1123 1
1843 1844 1
1844 1124 1
1845 1846 1
1846 1125 1
1847 1848 1
1848 1126 1
1849 1850 1
1850 1127 1
1851 1852 1
1852 1128 1
1853 1854 1
1854 1129 1
1855 1856 1
1856 1130 1
1857 1858 1
1858 1131 1
1859 1860 1
1860 1132 1
1861 1862 1
1862 1133 1
1863 1864 1
1864 1134 1
1865 1866 1
1866 1135 1
1867 1868 1
1868 1136 1
1869 1870 1
1870 1137 1
1871 1872 1
1872 1138 1
1873 1874 1
1874 1139 1
1875 1876 1
1876 1140 1
1877 1878 1
1878 1141 1
1879 1880 1
1880 1142 1
1881 1882 1
1882 1143 1
1883 1884 1
1884 1144 1
1885 1886 1
1886 1145 1
1887 1888 1
1888 1146 1
1889 1890 1
1890 1147 1
1891 1892 1
1892 1148 1
1893 1894 1
1894 1149 1
1895 1896 1
1896 1150 1
1897 1898 1
1898 1151 1
1899 1900 1
1900 1152 1
1901 1902 1
1902 1153 1
1903 1904 1
1904 1154 1
1905 1906 1
1906 1155 1
1907 1908 1
1908 1156 1
1909 1910 1
1910 1157 1
1911 1912 1
1912 1158 1
1913 1914 1
1914 1159 1
1915 1916 1
1916 1160 1
1917 1918 1
1918 1161 1
1919 1920 1
1920 1162 1
1921 1922 1
1922 1163 1
1923 1924 1
1924 1164 1
1925 1926 1
1926 1165 1
1927 1928 1
1928 1166 1
1929 1930 1
1930 1167 1
1931 1932 1
1932 1168 1
1933 1934 1
1934 1169 1
1935 1936 1
1936 1170 1
1937 1938 1
1938 1171 1
1939 1940 1
1940 1172 1
1941 1942 1
1942 1173 1
1943 1944 1
1944 1174 1
1945 1946 1
1946 1175 1
1947 1948 1
1948 1176 1
1949 1950 1
1950 1177 1
1951 1952 1
1952 1178 1
1953 1954 1
1954 1179 1
1955 1956 1
1956 1180 1
1957 1958 1
1958 1181 1
1959 1960 1
1960 1182 1
1961 1962 1
1962 1183 1
1963 1964 1
1964 1184 1
1965 1966 1
1966 1185 1
1967 1968 1
1968 1186 1
1969 1970 1
1970 1187 1
1971 1972 1
1972 1188 1
1973 1974 1
1974 1189 1
1975 1976 1
1976 1190 1
1977 1978 1
1978 1191 1
1979 1980 1
1980 1192 1
1981 1982 1
1982 1193 1
1983 1984 1
1984 1194 1
1985 1986 1
1986 1195 1
1987 1988 1
1988 1196 1
1989 1990 1
1990 1197 1
1991 1992 1
1992 1198 1
1993 1994 1
1994 1199 1
1995 1996 1
1996 1200 1
1997 1998 1
1998 1201 1
1999 2000 1
2000 1202 1
2001 2 1
2002 2003 1
2003 2004 1
2004 1598 1
2004 1920 1
2004 1474 1
2004 1476 1
2004 1984 1
2004 1950 1
2004 1916 1
2004 1604 1
2004 1606 1
2004 1482 1
2004 1610 1
2004 1612 1
2004 1986 1
2004 1952 1
2004 1918 1
2004 1488 1
2004 1490 1
2004 1618 1
2004 1766 1
2004 1768 1
2004 1770 1
2004 1772 1
2004 1774 1
2004 1620 1
2004 1776 1
2004 1778 1
2004 1780 1
2004 1782 1
2004 1784 1
2004 1786 1
2004 1496 1
2004 1788 1
2004 1988 1
2004 1790 1
2004 1954 1
2004 1792 1
2004 1794 1
2004 1796 1
2004 1798 1
2004 1498 1
2004 1800 1
2004 1802 1
2004 1804 1
2004 1806 1
2004 1808 1
2004 1810 1
2004 1626 1
2004 1812 1
2004 1814 1
2004 1816 1
2004 1818 1
2004 1820 1
2004 1822 1
2004 1628 1
2004 1824 1
2004 1826 1
2004 1828 1
2004 1830 1
2004 1832 1
2004 1834 1
2004 1630 1
2004 1836 1
2004 1838 1
2004 1840 1
2004 1842 1
2004 1844 1
2004 1846 1
2004 1506 1
2004 1848 1
2004 1990 1
2004 1850 1
2004 1956 1
2004 1852 1
2004 1854 1
2004 1922 1
2004 1856 1
2004 1858 1
2004 1508 1
2004 1860 1
2004 1862 1
2004 1864 1
2004 1866 1
2004 1868 1
2004 1870 1
2004 1636 1
2004 1872 1
2004 1874 1
2004 1876 1
2004 1878 1
2004 1880 1
2004 1882 1
2004 1638 1
2004 1884 1
2004 1886 1
2004 1888 1
2004 1890 1
2004 1388 1
2004 1390 1
2004 1392 1
2004 1394 1
2004 1396 1
2004 1398 1
2004 1400 1
2004 1402 1
2004 1992 1
2004 1404 1
2004 1958 1
2004 1406 1
2004 1408 1
2004 1924 1
2004 1410 1
2004 1412 1
2004 1414 1
2004 1416 1
2004 1418 1
2004 1420 1
2004 1422 1
2004 1424 1
2004 1426 1
2004 1428 1
2004 1556 1
2004 1558 1
2004 1560 1
2004 1562 1
2004 1438 1
2004 1440 1
2004 1442 1
2004 1444 1
2004 1446 1
2004 1448 1
2004 1450 1
2004 1452 1
2004 1580 1
2004 1456 1
2004 1458 1
2004 1460 1
2004 1588 1
2004 1994 1
2004 1590 1
2004 1960 1
2004 1466 1
2004 1468 1
2004 1926 1
2004 1470 1
2004 1892 1
2004 1472 1
2004 1600 1
2004 1602 1
2004 1478 1
2004 1480 1
2004 1608 1
2004 1484 1
2004 1486 1
2004 1614 1
2004 1970 1
2004 1616 1
2004 1492 1
2004 1494 1
2004 1622 1
2004 1624 1
2004 1500 1
2004 1502 1
2004 1504 1
2004 1632 1
2004 1634 1
2004 1510 1
2004 1512 1
2004 1262 1
2004 1264 1
2004 1266 1
2004 1268 1
2004 1996 1
2004 1270 1
2004 1962 1
2004 1272 1
2004 1274 1
2004 1928 1
2004 1276 1
2004 1894 1
2004 1278 1
2004 1280 1
2004 1282 1
2004 1284 1
2004 1286 1
2004 1288 1
2004 1290 1
2004 1292 1
2004 1294 1
2004 1296 1
2004 1298 1
2004 1300 1
2004 1302 1
2004 1304 1
2004 1306 1
2004 1308 1
2004 1310 1
2004 1312 1
2004 1314 1
2004 1316 1
2004 1318 1
2004 1320 1
2004 1322 1
2004 1324 1
2004 1326 1
2004 1 1
2004 1998 1
2004 1330 1
2004 1964 1
2004 1332 1
2004 1334 1
2004 1930 1
2004 1210 1
2004 1896 1
2004 1338 1
2004 1214 1
2004 1216 1
2004 1344 1
2004 1346 1
2004 1348 1
2004 1224 1
2004 1352 1
2004 1228 1
2004 1356 1
2004 1358 1
2004 1234 1
2004 1362 1
2004 1238 1
2004 1240 1
2004 1242 1
2004 1244 1
2004 1246 1
2004 1374 1
2004 1376 1
2004 1378 1
2004 1380 1
2004 1382 1
2004 1384 1
2004 1386 1
2004 2000 1
2004 1640 1
2004 1966 1
2004 1642 1
2004 1644 1
2004 1932 1
2004 1646 1
2004 1898 1
2004 1648 1
2004 1650 1
2004 1652 1
2004 1514 1
2004 1654 1
2004 1656 1
2004 1658 1
2004 1660 1
2004 1662 1
2004 1664 1
2004 1516 1
2004 1666 1
2004 1668 1
2004 1670 1
2004 1672 1
2004 1674 1
2004 1676 1
2004 1518 1
2004 1678 1
2004 1680 1
2004 1682 1
2004 1684 1
2004 1686 1
2004 1688 1
2004 1520 1
2004 1690 1
2004 1692 1
2004 1694 1
2004 1696 1
2004 1698 1
2004 1700 1
2004 1522 1
2004 1968 1
2004 1702 1
2004 1704 1
2004 1934 1
2004 1706 1
2004 1900 1
2004 1708 1
2004 1710 1
2004 1712 1
2004 1524 1
2004 1714 1
2004 1716 1
2004 1718 1
2004 1720 1
2004 1722 1
2004 1724 1
2004 1526 1
2004 1726 1
2004 1728 1
2004 1730 1
2004 1732 1
2004 1734 1
2004 1736 1
2004 1528 1
2004 1738 1
2004 1740 1
2004 1742 1
2004 1744 1
2004 1746 1
2004 1748 1
2004 1530 1
2004 1750 1
2004 1752 1
2004 1754 1
2004 1756 1
2004 1758 1
2004 1760 1
2004 1532 1
2004 1762 1
2004 1764 1
2004 1936 1
2004 1902 1
2004 1534 1
2004 1536 1
2004 1328 1
2004 1538 1
2004 1204 1
2004 1540 1
2004 1206 1
2004 1542 1
2004 1972 1
2004 1938 1
2004 1904 1
2004 1208 1
2004 1544 1
2004 1336 1
2004 1546 1
2004 1212 1
2004 1548 1
2004 1340 1
2004 1550 1
2004 1342 1
2004 1552 1
2004 1974 1
2004 1940 1
2004 1906 1
2004 1218 1
2004 1554 1
2004 1220 1
2004 1430 1
2004 1222 1
2004 1432 1
2004 1350 1
2004 1434 1
2004 1226 1
2004 1436 1
2004 1976 1
2004 1942 1
2004 1908 1
2004 1354 1
2004 1564 1
2004 1230 1
2004 1566 1
2004 1232 1
2004 1568 1
2004 1360 1
2004 1570 1
2004 1236 1
2004 1572 1
2004 1978 1
2004 1944 1
2004 1910 1
2004 1364 1
2004 1574 1
2004 1366 1
2004 1576 1
2004 1368 1
2004 1578 1
2004 1370 1
2004 1454 1
2004 1372 1
2004 1582 1
2004 1980 1
2004 1946 1
2004 1912 1
2004 1248 1
2004 1584 1
2004 1250 1
2004 1586 1
2004 1252 1
2004 1462 1
2004 1254 1
2004 1464 1
2004 1256 1
2004 1592 1
2004 1982 1
2004 1948 1
2004 1914 1
2004 1258 1
2004 1594 1
2004 1260 1
2004 1596 1
2005 2004 1
