0 1 1
0 275 1
1 2 1
1 225 1
2 3 1
2 175 1
3 4 1
3 125 1
4 5 1
4 75 1
5 6 1
5 36 1
6 7 1
7 8 1
8 9 1
9 10 1
9 25 1
9 26 1
9 27 1
9 28 1
9 29 1
9 30 1
9 31 1
9 32 1
9 33 1
9 34 1
9 35 1
10 11 1
11 12 1
11 14 1
11 15 1
11 16 1
11 17 1
11 18 1
11 19 1
11 20 1
11 21 1
11 22 1
11 23 1
11 24 1
12 13 1
14 13 1
15 13 1
16 13 1
17 13 1
18 13 1
19 13 1
20 13 1
21 13 1
22 13 1
23 13 1
24 13 1
25 11 1
26 11 1
27 11 1
28 11 1
29 11 1
30 11 1
31 11 1
32 11 1
33 11 1
34 11 1
35 11 1
36 37 1
37 7 1
37 38 1
38 39 1
38 40 1
38 54 1
38 55 1
38 56 1
38 57 1
38 58 1
38 8 1
38 59 1
38 60 1
38 61 1
38 62 1
38 63 1
38 64 1
38 65 1
38 66 1
38 67 1
38 68 1
38 69 1
38 70 1
38 71 1
38 72 1
38 73 1
38 74 1
39 9 1
40 41 1
41 42 1
41 43 1
41 44 1
41 45 1
41 46 1
41 47 1
41 48 1
41 49 1
41 50 1
41 51 1
41 52 1
41 53 1
42 13 1
43 13 1
44 13 1
45 13 1
46 13 1
47 13 1
48 13 1
49 13 1
50 13 1
51 13 1
52 13 1
53 13 1
54 41 1
55 9 1
56 9 1
57 41 1
58 41 1
59 41 1
60 9 1
61 41 1
62 9 1
63 41 1
64 9 1
65 9 1
66 41 1
67 9 1
68 41 1
69 41 1
70 9 1
71 41 1
72 9 1
73 41 1
74 9 1
75 76 1
76 36 1
76 77 1
77 78 1
77 92 1
77 94 1
77 37 1
77 95 1
77 97 1
77 98 1
77 99 1
77 100 1
77 101 1
77 103 1
77 104 1
77 105 1
77 107 1
77 108 1
77 110 1
77 112 1
77 113 1
77 115 1
77 116 1
77 118 1
77 120 1
77 121 1
77 123 1
78 79 1
79 80 1
79 81 1
79 82 1
79 83 1
79 84 1
79 85 1
79 86 1
79 87 1
79 88 1
79 89 1
79 90 1
79 91 1
80 13 1
81 13 1
82 13 1
83 13 1
84 13 1
85 13 1
86 13 1
87 13 1
88 13 1
89 13 1
90 13 1
91 13 1
92 93 1
92 38 1
93 74 1
94 79 1
95 96 1
95 38 1
96 64 1
97 79 1
98 79 1
99 79 1
100 79 1
101 38 1
101 102 1
102 62 1
103 79 1
104 79 1
105 106 1
105 38 1
106 65 1
107 79 1
108 38 1
108 109 1
109 55 1
110 111 1
110 38 1
111 67 1
112 79 1
113 114 1
113 38 1
114 70 1
115 79 1
116 117 1
116 38 1
117 56 1
118 119 1
118 38 1
119 72 1
120 79 1
121 122 1
121 38 1
122 60 1
123 38 1
123 124 1
124 39 1
125 126 1
126 75 1
126 127 1
127 128 1
127 130 1
127 144 1
127 145 1
127 147 1
127 148 1
127 150 1
127 152 1
127 153 1
127 155 1
127 156 1
127 157 1
127 159 1
127 161 1
127 162 1
127 163 1
127 165 1
127 166 1
127 168 1
127 169 1
127 76 1
127 171 1
127 172 1
127 174 1
128 77 1
128 129 1
129 108 1
130 131 1
131 132 1
131 133 1
131 134 1
131 135 1
131 136 1
131 137 1
131 138 1
131 139 1
131 140 1
131 141 1
131 142 1
131 143 1
132 13 1
133 13 1
134 13 1
135 13 1
136 13 1
137 13 1
138 13 1
139 13 1
140 13 1
141 13 1
142 13 1
143 13 1
144 131 1
145 146 1
145 77 1
146 95 1
147 131 1
148 77 1
148 149 1
149 92 1
150 151 1
150 77 1
151 121 1
152 131 1
153 154 1
153 77 1
154 101 1
155 131 1
156 131 1
157 158 1
157 77 1
158 110 1
159 160 1
159 77 1
160 105 1
161 131 1
162 131 1
163 164 1
163 77 1
164 116 1
165 131 1
166 167 1
166 77 1
167 113 1
168 131 1
169 77 1
169 170 1
170 118 1
171 131 1
172 77 1
172 173 1
173 123 1
174 131 1
175 176 1
176 125 1
176 177 1
177 178 1
177 192 1
177 194 1
177 196 1
177 197 1
177 199 1
177 200 1
177 202 1
177 203 1
177 126 1
177 205 1
177 206 1
177 207 1
177 209 1
177 210 1
177 211 1
177 213 1
177 214 1
177 216 1
177 218 1
177 219 1
177 220 1
177 222 1
177 223 1
178 179 1
179 180 1
179 181 1
179 182 1
179 183 1
179 184 1
179 185 1
179 186 1
179 187 1
179 188 1
179 189 1
179 190 1
179 191 1
180 13 1
181 13 1
182 13 1
183 13 1
184 13 1
185 13 1
186 13 1
187 13 1
188 13 1
189 13 1
190 13 1
191 13 1
192 193 1
192 127 1
193 157 1
194 195 1
194 127 1
195 145 1
196 179 1
197 198 1
197 127 1
198 150 1
199 179 1
200 127 1
200 201 1
201 153 1
202 179 1
203 204 1
203 127 1
204 159 1
205 179 1
206 179 1
207 208 1
207 127 1
208 163 1
209 179 1
210 179 1
211 212 1
211 127 1
212 166 1
213 179 1
214 127 1
214 215 1
215 128 1
216 217 1
216 127 1
217 169 1
218 179 1
219 179 1
220 221 1
220 127 1
221 172 1
222 179 1
223 224 1
223 127 1
224 148 1
225 226 1
226 175 1
226 227 1
227 176 1
227 228 1
227 230 1
227 244 1
227 246 1
227 247 1
227 248 1
227 250 1
227 252 1
227 254 1
227 255 1
227 257 1
227 258 1
227 260 1
227 261 1
227 262 1
227 264 1
227 266 1
227 267 1
227 268 1
227 270 1
227 271 1
227 273 1
227 274 1
228 229 1
228 177 1
229 194 1
230 231 1
231 232 1
231 233 1
231 234 1
231 235 1
231 236 1
231 237 1
231 238 1
231 239 1
231 240 1
231 241 1
231 242 1
231 243 1
232 13 1
233 13 1
234 13 1
235 13 1
236 13 1
237 13 1
238 13 1
239 13 1
240 13 1
241 13 1
242 13 1
243 13 1
244 245 1
244 177 1
245 197 1
246 231 1
247 231 1
248 249 1
248 177 1
249 223 1
250 177 1
250 251 1
251 203 1
252 177 1
252 253 1
253 200 1
254 231 1
255 256 1
255 177 1
256 192 1
257 231 1
258 259 1
258 177 1
259 211 1
260 231 1
261 231 1
262 177 1
262 263 1
263 216 1
264 265 1
264 177 1
265 207 1
266 231 1
267 231 1
268 177 1
268 269 1
269 220 1
270 231 1
271 272 1
271 177 1
272 214 1
273 231 1
274 231 1
275 276 1
276 225 1
276 277 1
277 278 1
277 292 1
277 294 1
277 295 1
277 297 1
277 298 1
277 299 1
277 301 1
277 303 1
277 304 1
277 306 1
277 307 1
277 309 1
277 310 1
277 312 1
277 226 1
277 313 1
277 315 1
277 316 1
277 318 1
277 319 1
277 320 1
277 322 1
277 324 1
278 279 1
279 280 1
279 281 1
279 282 1
279 283 1
279 284 1
279 285 1
279 286 1
279 287 1
279 288 1
279 289 1
279 290 1
279 291 1
280 13 1
281 13 1
282 13 1
283 13 1
284 13 1
285 13 1
286 13 1
287 13 1
288 13 1
289 13 1
290 13 1
291 13 1
292 293 1
292 227 1
293 244 1
294 279 1
295 296 1
295 227 1
296 252 1
297 279 1
298 279 1
299 300 1
299 227 1
300 250 1
301 302 1
301 227 1
302 255 1
303 279 1
304 305 1
304 227 1
305 264 1
306 279 1
307 308 1
307 227 1
308 258 1
309 279 1
310 311 1
310 227 1
311 262 1
312 279 1
313 227 1
313 314 1
314 268 1
315 279 1
316 317 1
316 227 1
317 271 1
318 279 1
319 279 1
320 321 1
320 227 1
321 248 1
322 323 1
322 227 1
323 228 1
324 279 1
325 326 1
325 333 1
326 327 1
326 332 1
327 328 1
327 305 1
328 329 1
328 265 1
329 330 1
329 208 1
330 331 1
330 164 1
331 117 1
332 304 1
333 334 1
334 332 1
334 277 1
335 336 1
335 343 1
336 337 1
336 338 1
337 316 1
338 339 1
338 317 1
339 340 1
339 272 1
340 341 1
340 215 1
341 342 1
341 129 1
342 109 1
343 344 1
344 337 1
344 277 1
345 346 1
345 353 1
346 347 1
346 352 1
347 300 1
347 348 1
348 349 1
348 251 1
349 204 1
349 350 1
350 351 1
350 160 1
351 106 1
352 299 1
353 354 1
354 352 1
354 277 1
355 356 1
355 363 1
356 357 1
356 358 1
357 313 1
358 359 1
358 314 1
359 360 1
359 269 1
360 361 1
360 221 1
361 362 1
361 173 1
362 124 1
363 364 1
364 357 1
364 277 1
365 366 1
365 369 1
366 367 1
367 368 1
367 277 1
368 295 1
369 370 1
369 368 1
370 296 1
370 371 1
371 372 1
371 253 1
372 373 1
372 201 1
373 374 1
373 154 1
374 102 1
375 376 1
375 383 1
376 377 1
376 382 1
377 378 1
377 311 1
378 379 1
378 263 1
379 380 1
379 217 1
380 381 1
380 170 1
381 119 1
382 310 1
383 384 1
384 277 1
384 382 1
385 386 1
385 393 1
386 387 1
386 392 1
387 388 1
387 293 1
388 389 1
388 245 1
389 390 1
389 198 1
390 391 1
390 151 1
391 122 1
392 292 1
393 394 1
394 392 1
394 277 1
395 396 1
395 403 1
396 397 1
396 402 1
397 398 1
397 308 1
398 259 1
398 399 1
399 400 1
399 212 1
400 401 1
400 167 1
401 114 1
402 307 1
403 404 1
404 402 1
404 277 1
405 406 1
405 413 1
406 407 1
406 412 1
407 408 1
407 323 1
408 409 1
408 229 1
409 410 1
409 195 1
410 411 1
410 146 1
411 96 1
412 322 1
413 414 1
414 412 1
414 277 1
415 416 1
415 423 1
416 417 1
416 422 1
417 418 1
417 302 1
418 419 1
418 256 1
419 420 1
419 193 1
420 421 1
420 158 1
421 111 1
422 301 1
423 424 1
424 422 1
424 277 1
425 426 1
425 433 1
426 427 1
426 432 1
427 428 1
427 321 1
428 429 1
428 249 1
429 430 1
429 224 1
430 431 1
430 149 1
431 93 1
432 320 1
433 434 1
434 432 1
434 277 1
435 436 1
436 437 1
437 363 1
437 403 1
437 333 1
437 353 1
437 343 1
437 383 1
437 423 1
437 366 1
437 393 1
437 413 1
437 433 1
437 275 1
438 437 1
