0 1 1
1 2 1
2 3 1
2 181 1
2 182 1
2 183 1
2 184 1
2 185 1
2 186 1
2 187 1
2 188 1
2 189 1
2 190 1
2 191 1
2 192 1
2 193 1
2 194 1
2 195 1
2 196 1
2 197 1
2 198 1
2 199 1
2 200 1
2 201 1
2 202 1
2 203 1
2 204 1
2 205 1
2 206 1
2 207 1
2 208 1
2 209 1
2 210 1
2 211 1
2 212 1
2 213 1
2 214 1
2 215 1
2 216 1
2 217 1
3 4 1
4 5 1
4 144 1
4 145 1
4 146 1
4 147 1
4 148 1
4 149 1
4 150 1
4 151 1
4 152 1
4 153 1
4 154 1
4 155 1
4 156 1
4 157 1
4 158 1
4 159 1
4 160 1
4 161 1
4 162 1
4 163 1
4 164 1
4 165 1
4 166 1
4 167 1
4 168 1
4 169 1
4 170 1
4 171 1
4 172 1
4 173 1
4 174 1
4 175 1
4 176 1
4 177 1
4 178 1
4 179 1
4 180 1
5 6 1
6 7 1
6 12 1
6 108 1
6 109 1
6 110 1
6 111 1
6 112 1
6 113 1
6 114 1
6 115 1
6 116 1
6 117 1
6 118 1
6 119 1
6 120 1
6 121 1
6 122 1
6 123 1
6 124 1
6 125 1
6 126 1
6 127 1
6 128 1
6 129 1
6 130 1
6 131 1
6 132 1
6 133 1
6 134 1
6 135 1
6 136 1
6 137 1
6 138 1
6 139 1
6 140 1
6 141 1
6 142 1
6 143 1
7 8 1
8 9 1
9 10 1
10 11 1
12 13 1
13 14 1
13 17 1
13 8 1
13 20 1
13 74 1
13 75 1
13 76 1
13 77 1
13 78 1
13 79 1
13 80 1
13 81 1
13 82 1
13 83 1
13 84 1
13 85 1
13 86 1
13 87 1
13 88 1
13 89 1
13 90 1
13 91 1
13 92 1
13 93 1
13 94 1
13 95 1
13 96 1
13 97 1
13 98 1
13 99 1
13 100 1
13 101 1
13 102 1
13 103 1
13 104 1
13 105 1
13 106 1
13 107 1
14 15 1
15 16 1
16 11 1
17 18 1
18 19 1
19 11 1
20 21 1
21 22 1
21 40 1
21 41 1
21 15 1
21 42 1
21 9 1
21 43 1
21 44 1
21 45 1
21 46 1
21 47 1
21 48 1
21 49 1
21 50 1
21 51 1
21 52 1
21 18 1
21 53 1
21 54 1
21 55 1
21 56 1
21 57 1
21 58 1
21 59 1
21 60 1
21 61 1
21 62 1
21 63 1
21 64 1
21 65 1
21 66 1
21 67 1
21 68 1
21 69 1
21 70 1
21 71 1
21 72 1
21 73 1
22 23 1
23 24 1
23 25 1
23 26 1
23 27 1
23 28 1
23 29 1
23 30 1
23 31 1
23 32 1
23 33 1
23 19 1
23 34 1
23 10 1
23 16 1
23 35 1
23 36 1
23 37 1
23 38 1
23 39 1
24 11 1
25 11 1
26 11 1
27 11 1
28 11 1
29 11 1
30 11 1
31 11 1
32 11 1
33 11 1
34 11 1
35 11 1
36 11 1
37 11 1
38 11 1
39 11 1
40 28 1
41 23 1
42 39 1
43 23 1
44 24 1
45 23 1
46 37 1
47 23 1
48 23 1
49 36 1
50 32 1
51 23 1
52 38 1
53 23 1
54 26 1
55 30 1
56 23 1
57 23 1
58 23 1
59 34 1
60 23 1
61 23 1
62 27 1
63 25 1
64 23 1
65 31 1
66 23 1
67 23 1
68 29 1
69 23 1
70 35 1
71 23 1
72 23 1
73 33 1
74 21 1
75 21 1
76 46 1
77 70 1
78 21 1
79 21 1
80 50 1
81 62 1
82 21 1
83 52 1
84 21 1
85 54 1
86 55 1
87 21 1
88 21 1
89 59 1
90 21 1
91 21 1
92 73 1
93 21 1
94 63 1
95 21 1
96 65 1
97 42 1
98 21 1
99 21 1
100 44 1
101 21 1
102 21 1
103 21 1
104 68 1
105 49 1
106 21 1
107 40 1
108 13 1
109 76 1
110 104 1
111 13 1
112 13 1
113 80 1
114 92 1
115 13 1
116 83 1
117 13 1
118 85 1
119 97 1
120 86 1
121 13 1
122 13 1
123 13 1
124 89 1
125 107 1
126 13 1
127 13 1
128 105 1
129 94 1
130 100 1
131 13 1
132 96 1
133 17 1
134 13 1
135 13 1
136 13 1
137 77 1
138 13 1
139 13 1
140 13 1
141 13 1
142 81 1
143 14 1
144 109 1
145 6 1
146 6 1
147 6 1
148 7 1
149 113 1
150 128 1
151 6 1
152 116 1
153 6 1
154 118 1
155 6 1
156 120 1
157 6 1
158 6 1
159 133 1
160 124 1
161 137 1
162 6 1
163 114 1
164 129 1
165 142 1
166 6 1
167 132 1
168 6 1
169 6 1
170 6 1
171 6 1
172 6 1
173 110 1
174 6 1
175 125 1
176 6 1
177 143 1
178 6 1
179 130 1
180 119 1
181 161 1
182 149 1
183 159 1
184 4 1
185 152 1
186 4 1
187 4 1
188 154 1
189 156 1
190 4 1
191 148 1
192 4 1
193 160 1
194 165 1
195 4 1
196 163 1
197 164 1
198 4 1
199 4 1
200 167 1
201 4 1
202 4 1
203 180 1
204 4 1
205 4 1
206 173 1
207 175 1
208 4 1
209 4 1
210 150 1
211 177 1
212 144 1
213 4 1
214 179 1
215 4 1
216 4 1
217 4 1
218 219 1
219 2 1
220 221 1
221 2 1
222 223 1
223 2 1
224 225 1
225 2 1
226 227 1
227 2 1
228 229 1
229 2 1
230 231 1
231 2 1
232 233 1
233 2 1
234 235 1
235 2 1
236 237 1
237 2 1
238 239 1
239 2 1
240 241 1
241 2 1
242 243 1
243 2 1
244 245 1
245 2 1
246 247 1
247 2 1
248 249 1
249 2 1
250 251 1
251 2 1
252 253 1
253 2 1
254 255 1
254 2 1
255 4 1
255 256 1
256 257 1
256 6 1
257 13 1
257 258 1
258 259 1
258 21 1
259 23 1
