0 1
0 111
0 112
1 2
2 3
3 4
4 5
5 6
5 109
5 110
6 7
6 105
6 108
7 8
7 104
8 9
9 10
9 14
10 11
11 12
12 13
14 15
15 16
16 17
17 18
17 98
17 99
18 19
19 20
19 97
20 21
21 22
21 25
22 23
23 24
24 13
25 26
26 27
27 28
28 29
28 91
28 96
29 30
30 31
30 90
31 32
32 33
32 36
33 34
34 35
35 13
36 37
37 38
38 39
39 40
39 88
39 89
40 41
40 84
40 87
41 42
41 83
42 43
43 44
43 47
44 45
45 46
46 13
47 48
48 49
49 50
50 51
50 77
50 82
51 52
52 53
52 56
53 54
54 55
55 13
56 57
57 58
57 59
58 54
59 60
60 61
61 62
62 63
62 75
62 76
63 64
63 71
63 74
64 65
64 70
65 66
66 67
67 68
68 69
69 13
70 66
71 72
72 70
72 73
73 68
74 72
75 72
76 66
77 78
77 80
77 81
78 79
78 56
79 57
80 52
81 52
82 57
83 43
84 85
85 86
85 83
86 45
87 85
88 43
89 85
90 34
91 92
91 94
91 95
92 93
92 31
93 32
94 30
95 30
96 32
97 23
98 21
99 100
99 102
99 103
100 101
100 20
101 21
102 19
103 19
104 9
105 106
106 104
106 107
107 11
108 106
109 9
110 106
111 6
112 109
112 110
113 2
114 14
115 25
116 36
117 47
118 59
119 105
120 102
121 94
122 84
123 80
124 71
