0 1 1
1 2 1
2 3 1
3 4 1
4 5 1
4 608 10
5 6 1
6 7 1
6 10 1
7 8 1
8 9 1
10 11 1
10 12 1
11 8 1
12 13 1
12 14 1
13 8 1
14 15 1
14 607 1
15 16 1
15 606 1
16 17 1
16 605 1
17 18 1
17 604 1
18 19 1
18 603 1
19 20 1
19 602 1
20 21 1
20 601 1
21 22 1
21 600 1
22 23 1
22 599 1
23 24 1
23 598 1
24 25 1
24 597 1
25 26 1
25 596 1
26 27 1
26 595 1
27 28 1
27 594 1
28 29 1
28 593 1
29 30 1
29 592 1
30 31 1
30 591 1
31 32 1
31 590 1
32 33 1
32 589 1
33 34 1
33 588 1
34 35 1
34 587 1
35 36 1
35 586 1
36 37 1
36 585 1
37 38 1
37 584 1
38 39 1
38 583 1
39 40 1
39 582 1
40 41 1
40 581 1
41 42 1
41 580 1
42 43 1
42 579 1
43 44 1
43 578 1
44 45 1
44 577 1
45 46 1
45 576 1
46 47 1
46 575 1
47 48 1
47 574 1
48 49 1
48 573 1
49 50 1
49 572 1
50 51 1
50 571 1
51 52 1
51 570 1
52 53 1
52 569 1
53 54 1
53 568 1
54 55 1
54 567 1
55 56 1
55 566 1
56 57 1
56 565 1
57 58 1
57 564 1
58 59 1
58 563 1
59 60 1
59 562 1
60 61 1
60 561 1
61 62 1
61 63 1
62 8 1
63 64 1
63 65 1
64 8 1
65 66 1
65 67 1
66 8 1
67 68 1
67 69 1
68 8 1
69 70 1
69 71 1
70 8 1
71 72 1
71 73 1
72 8 1
73 74 1
73 75 1
74 8 1
75 76 1
75 77 1
76 8 1
77 78 1
77 79 1
78 8 1
79 80 1
79 81 1
80 8 1
81 82 1
81 83 1
82 8 1
83 84 1
83 85 1
84 8 1
85 86 1
85 87 1
86 8 1
87 88 1
87 89 1
88 8 1
89 90 1
89 91 1
90 8 1
91 92 1
91 93 1
92 8 1
93 94 1
93 560 1
94 95 1
94 559 1
95 96 1
95 558 1
96 97 1
96 557 1
97 98 1
97 556 1
98 99 1
98 555 1
99 100 1
99 554 1
100 101 1
100 553 1
101 102 1
101 552 1
102 103 1
102 551 1
103 104 1
103 550 1
104 105 1
104 549 1
105 106 1
105 548 1
106 107 1
106 547 1
107 108 1
107 546 1
108 109 1
108 545 1
109 110 1
109 544 1
110 111 1
110 543 1
111 112 1
111 542 1
112 113 1
112 541 1
113 114 1
113 540 1
114 115 1
114 539 1
115 116 1
115 538 1
116 117 1
116 537 1
117 118 1
117 536 1
118 119 1
118 535 1
119 120 1
119 534 1
120 121 1
120 533 1
121 122 1
121 532 1
122 123 1
122 531 1
123 124 1
123 530 1
124 125 1
124 529 1
125 126 1
125 528 1
126 127 1
126 527 1
127 128 1
127 526 1
128 129 1
128 525 1
129 130 1
129 524 1
130 131 1
130 523 1
131 132 1
131 522 1
132 133 1
132 521 1
133 134 1
133 520 1
134 135 1
134 519 1
135 136 1
135 518 1
136 137 1
136 517 1
137 138 1
137 516 1
138 139 1
138 515 1
139 140 1
139 514 1
140 141 1
140 142 1
141 8 1
142 143 1
142 144 1
143 8 1
144 145 1
144 146 1
145 8 1
146 147 1
146 148 1
147 8 1
148 149 1
148 150 1
149 8 1
150 151 1
150 152 1
151 8 1
152 153 1
152 154 1
153 8 1
154 155 1
154 156 1
155 8 1
156 157 1
156 158 1
157 8 1
158 159 1
158 160 1
159 8 1
160 161 1
160 162 1
161 8 1
162 163 1
162 164 1
163 8 1
164 165 1
164 166 1
165 8 1
166 167 1
166 168 1
167 8 1
168 169 1
168 170 1
169 8 1
170 171 1
170 172 1
171 8 1
172 173 1
172 513 1
173 174 1
173 512 1
174 175 1
174 511 1
175 176 1
175 510 1
176 177 1
176 509 1
177 178 1
177 508 1
178 179 1
178 507 1
179 180 1
179 506 1
180 181 1
180 505 1
181 182 1
181 504 1
182 183 1
182 503 1
183 184 1
183 502 1
184 185 1
184 501 1
185 186 1
185 500 1
186 187 1
186 499 1
187 188 1
187 498 1
188 189 1
188 497 1
189 190 1
189 496 1
190 191 1
190 495 1
191 192 1
191 494 1
192 193 1
192 493 1
193 194 1
193 492 1
194 195 1
194 491 1
195 196 1
195 490 1
196 197 1
196 489 1
197 198 1
197 488 1
198 199 1
198 487 1
199 200 1
199 486 1
200 201 1
200 485 1
201 202 1
201 484 1
202 203 1
202 483 1
203 204 1
203 482 1
204 205 1
204 481 1
205 206 1
205 480 1
206 207 1
206 479 1
207 208 1
207 478 1
208 209 1
208 477 1
209 210 1
209 476 1
210 211 1
210 475 1
211 212 1
211 474 1
212 213 1
212 473 1
213 214 1
213 472 1
214 215 1
214 471 1
215 216 1
215 470 1
216 217 1
216 469 1
217 218 1
217 468 1
218 219 1
218 467 1
219 220 1
219 221 1
220 8 1
221 222 1
221 223 1
222 8 1
223 224 1
223 225 1
224 8 1
225 226 1
225 227 1
226 8 1
227 228 1
227 229 1
228 8 1
229 230 1
229 231 1
230 8 1
231 232 1
231 233 1
232 8 1
233 234 1
233 235 1
234 8 1
235 236 1
235 237 1
236 8 1
237 238 1
237 239 1
238 8 1
239 240 1
239 241 1
240 8 1
241 242 1
241 243 1
242 8 1
243 244 1
243 245 1
244 8 1
245 246 1
245 247 1
246 8 1
247 248 1
247 249 1
248 8 1
249 250 1
249 251 1
250 8 1
251 252 1
251 466 1
252 253 1
252 465 1
253 254 1
253 464 1
254 255 1
254 463 1
255 256 1
255 462 1
256 257 1
256 461 1
257 258 1
257 460 1
258 259 1
258 459 1
259 260 1
259 458 1
260 261 1
260 457 1
261 262 1
261 456 1
262 263 1
262 455 1
263 264 1
263 454 1
264 265 1
264 453 1
265 266 1
265 452 1
266 267 1
266 451 1
267 268 1
267 450 1
268 269 1
268 449 1
269 270 1
269 448 1
270 271 1
270 447 1
271 272 1
271 446 1
272 273 1
272 445 1
273 274 1
273 444 1
274 275 1
274 443 1
275 276 1
275 442 1
276 277 1
276 441 1
277 278 1
277 440 1
278 279 1
278 439 1
279 280 1
279 438 1
280 281 1
280 437 1
281 282 1
281 436 1
282 283 1
282 435 1
283 284 1
283 434 1
284 285 1
284 433 1
285 286 1
285 432 1
286 287 1
286 431 1
287 288 1
287 430 1
288 289 1
288 429 1
289 290 1
289 428 1
290 291 1
290 427 1
291 292 1
291 426 1
292 293 1
292 425 1
293 294 1
293 424 1
294 295 1
294 423 1
295 296 1
295 422 1
296 297 1
296 421 1
297 298 1
297 420 1
298 299 1
298 300 1
299 8 1
300 301 1
300 302 1
301 8 1
302 303 1
302 304 1
303 8 1
304 305 1
304 306 1
305 8 1
306 307 1
306 308 1
307 8 1
308 309 1
308 310 1
309 8 1
310 311 1
310 312 1
311 8 1
312 313 1
312 314 1
313 8 1
314 315 1
314 316 1
315 8 1
316 317 1
316 318 1
317 8 1
318 319 1
318 320 1
319 8 1
320 321 1
320 322 1
321 8 1
322 323 1
322 324 1
323 8 1
324 325 1
324 326 1
325 8 1
326 327 1
326 328 1
327 8 1
328 329 1
328 330 1
329 8 1
330 331 1
330 419 1
331 332 1
331 418 1
332 333 1
332 417 1
333 334 1
333 416 1
334 335 1
334 415 1
335 336 1
335 414 1
336 337 1
336 413 1
337 338 1
337 412 1
338 339 1
338 411 1
339 340 1
339 410 1
340 341 1
340 409 1
341 342 1
341 408 1
342 343 1
342 407 1
343 344 1
343 406 1
344 345 1
344 405 1
345 346 1
345 404 1
346 347 1
346 403 1
347 348 1
347 402 1
348 349 1
348 401 1
349 350 1
349 400 1
350 351 1
350 399 1
351 352 1
351 398 1
352 353 1
352 397 1
353 354 1
353 396 1
354 355 1
354 395 1
355 356 1
355 394 1
356 357 1
356 393 1
357 358 1
357 392 1
358 359 1
358 391 1
359 360 1
359 390 1
360 361 1
360 389 1
361 362 1
361 388 1
362 363 1
362 387 1
363 364 1
363 386 1
364 365 1
364 385 1
365 366 1
365 384 1
366 367 1
366 383 1
367 368 1
367 382 1
368 369 1
368 381 1
369 370 1
369 380 1
370 371 1
370 379 1
371 372 1
371 378 1
372 373 1
372 377 1
373 374 1
373 376 1
374 375 1
375 8 1
376 8 1
377 8 1
378 8 1
379 8 1
380 8 1
381 8 1
382 8 1
383 8 1
384 8 1
385 8 1
386 8 1
387 8 1
388 8 1
389 8 1
390 8 1
391 8 1
392 8 1
393 8 1
394 8 1
395 8 1
396 8 1
397 8 1
398 8 1
399 8 1
400 8 1
401 8 1
402 8 1
403 8 1
404 8 1
405 8 1
406 8 1
407 8 1
408 8 1
409 8 1
410 8 1
411 8 1
412 8 1
413 8 1
414 8 1
415 8 1
416 8 1
417 8 1
418 8 1
419 8 1
420 8 1
421 8 1
422 8 1
423 8 1
424 8 1
425 8 1
426 8 1
427 8 1
428 8 1
429 8 1
430 8 1
431 8 1
432 8 1
433 8 1
434 8 1
435 8 1
436 8 1
437 8 1
438 8 1
439 8 1
440 8 1
441 8 1
442 8 1
443 8 1
444 8 1
445 8 1
446 8 1
447 8 1
448 8 1
449 8 1
450 8 1
451 8 1
452 8 1
453 8 1
454 8 1
455 8 1
456 8 1
457 8 1
458 8 1
459 8 1
460 8 1
461 8 1
462 8 1
463 8 1
464 8 1
465 8 1
466 8 1
467 8 1
468 8 1
469 8 1
470 8 1
471 8 1
472 8 1
473 8 1
474 8 1
475 8 1
476 8 1
477 8 1
478 8 1
479 8 1
480 8 1
481 8 1
482 8 1
483 8 1
484 8 1
485 8 1
486 8 1
487 8 1
488 8 1
489 8 1
490 8 1
491 8 1
492 8 1
493 8 1
494 8 1
495 8 1
496 8 1
497 8 1
498 8 1
499 8 1
500 8 1
501 8 1
502 8 1
503 8 1
504 8 1
505 8 1
506 8 1
507 8 1
508 8 1
509 8 1
510 8 1
511 8 1
512 8 1
513 8 1
514 8 1
515 8 1
516 8 1
517 8 1
518 8 1
519 8 1
520 8 1
521 8 1
522 8 1
523 8 1
524 8 1
525 8 1
526 8 1
527 8 1
528 8 1
529 8 1
530 8 1
531 8 1
532 8 1
533 8 1
534 8 1
535 8 1
536 8 1
537 8 1
538 8 1
539 8 1
540 8 1
541 8 1
542 8 1
543 8 1
544 8 1
545 8 1
546 8 1
547 8 1
548 8 1
549 8 1
550 8 1
551 8 1
552 8 1
553 8 1
554 8 1
555 8 1
556 8 1
557 8 1
558 8 1
559 8 1
560 8 1
561 8 1
562 8 1
563 8 1
564 8 1
565 8 1
566 8 1
567 8 1
568 8 1
569 8 1
570 8 1
571 8 1
572 8 1
573 8 1
574 8 1
575 8 1
576 8 1
577 8 1
578 8 1
579 8 1
580 8 1
581 8 1
582 8 1
583 8 1
584 8 1
585 8 1
586 8 1
587 8 1
588 8 1
589 8 1
590 8 1
591 8 1
592 8 1
593 8 1
594 8 1
595 8 1
596 8 1
597 8 1
598 8 1
599 8 1
600 8 1
601 8 1
602 8 1
603 8 1
604 8 1
605 8 1
606 8 1
607 8 1
608 609 10
608 2102 1
608 2103 1
608 2104 1
608 2105 1
609 610 1
609 611 10
609 2099 1
609 2100 1
609 2101 1
610 6 1
611 612 1
611 613 1
611 614 1
611 615 1
611 616 10
612 12 1
613 12 1
614 14 1
615 10 1
616 617 1
616 618 1
616 619 10
616 2097 1
616 2098 1
617 14 1
618 12 1
619 620 1
619 621 1
619 622 1
619 623 1
619 624 10
620 16 1
621 15 1
622 15 1
623 14 1
624 625 1
624 626 10
624 2094 1
624 2095 1
624 2096 1
625 15 1
626 627 1
626 628 1
626 629 10
626 2092 1
626 2093 1
627 17 1
628 16 1
629 630 1
629 631 1
629 632 1
629 633 1
629 634 10
630 19 1
631 18 1
632 17 1
633 18 1
634 635 1
634 636 1
634 637 1
634 638 1
634 639 10
635 20 1
636 19 1
637 19 1
638 18 1
639 640 1
639 641 1
639 642 1
639 643 1
639 644 10
640 20 1
641 21 1
642 20 1
643 19 1
644 645 1
644 646 1
644 647 10
644 2090 1
644 2091 1
645 21 1
646 22 1
647 648 1
647 649 1
647 650 1
647 651 10
647 2089 1
648 22 1
649 22 1
650 23 1
651 652 1
651 653 1
651 654 1
651 655 1
651 656 10
652 23 1
653 23 1
654 22 1
655 24 1
656 657 1
656 658 10
656 2086 1
656 2087 1
656 2088 1
657 25 1
658 659 1
658 660 10
658 2083 1
658 2084 1
658 2085 1
659 26 1
660 661 1
660 662 1
660 663 10
660 2081 1
660 2082 1
661 27 1
662 26 1
663 664 1
663 665 1
663 666 1
663 667 10
663 2080 1
664 26 1
665 27 1
666 28 1
667 668 1
667 669 1
667 670 1
667 671 1
667 672 10
668 28 1
669 29 1
670 27 1
671 28 1
672 673 1
672 674 10
672 2077 1
672 2078 1
672 2079 1
673 29 1
674 675 1
674 676 1
674 677 10
674 2075 1
674 2076 1
675 30 1
676 30 1
677 678 1
677 679 1
677 680 1
677 681 1
677 682 10
678 31 1
679 31 1
680 30 1
681 32 1
682 683 1
682 684 1
682 685 10
682 2073 1
682 2074 1
683 33 1
684 31 1
685 686 1
685 687 1
685 688 10
685 2071 1
685 2072 1
686 33 1
687 34 1
688 689 1
688 690 1
688 691 1
688 692 10
688 2070 1
689 33 1
690 34 1
691 34 1
692 693 10
692 2066 1
692 2067 1
692 2068 1
692 2069 1
693 694 1
693 695 1
693 696 10
693 2064 1
693 2065 1
694 35 1
695 37 1
696 697 1
696 698 1
696 699 10
696 2062 1
696 2063 1
697 36 1
698 38 1
699 700 1
699 701 1
699 702 1
699 703 1
699 704 10
700 38 1
701 37 1
702 38 1
703 39 1
704 705 1
704 2058 1
704 2059 1
704 2060 1
704 2061 1
705 706 1
705 707 10
705 2055 1
705 2056 1
705 2057 1
706 41 1
707 708 1
707 709 1
707 710 1
707 2053 1
707 2054 1
708 41 1
709 42 1
710 711 1
710 712 1
710 713 1
710 714 10
710 2052 1
711 42 1
712 42 1
713 41 1
714 715 10
714 2048 1
714 2049 1
714 2050 1
714 2051 1
715 716 1
715 717 1
715 718 10
715 2046 1
715 2047 1
716 43 1
717 45 1
718 719 1
718 720 1
718 721 10
718 2044 1
718 2045 1
719 44 1
720 46 1
721 722 1
721 723 1
721 724 1
721 725 1
721 726 10
722 46 1
723 45 1
724 46 1
725 47 1
726 727 10
726 2040 1
726 2041 1
726 2042 1
726 2043 1
727 728 1
727 729 10
727 2037 1
727 2038 1
727 2039 1
728 49 1
729 730 1
729 731 1
729 732 10
729 2035 1
729 2036 1
730 49 1
731 50 1
732 733 1
732 734 1
732 735 10
732 2033 1
732 2034 1
733 50 1
734 50 1
735 736 10
735 2029 1
735 2030 1
735 2031 1
735 2032 1
736 737 1
736 738 10
736 2026 1
736 2027 1
736 2028 1
737 51 1
738 739 1
738 740 1
738 741 10
738 2024 1
738 2025 1
739 52 1
740 54 1
741 742 1
741 743 1
741 744 1
741 745 1
741 746 10
742 54 1
743 53 1
744 54 1
745 55 1
746 747 10
746 2020 1
746 2021 1
746 2022 1
746 2023 1
747 748 1
747 749 10
747 2017 1
747 2018 1
747 2019 1
748 57 1
749 750 1
749 751 1
749 752 10
749 2015 1
749 2016 1
750 57 1
751 58 1
752 753 1
752 754 1
752 755 10
752 2013 1
752 2014 1
753 58 1
754 58 1
755 756 10
755 2009 1
755 2010 1
755 2011 1
755 2012 1
756 757 1
756 758 1
756 759 10
756 2007 1
756 2008 1
757 59 1
758 60 1
759 760 1
759 761 1
759 762 1
759 763 10
759 2006 1
760 60 1
761 63 1
762 61 1
763 764 1
763 765 1
763 766 1
763 767 1
763 768 10
764 63 1
765 61 1
766 63 1
767 65 1
768 769 1
768 770 10
768 2003 1
768 2004 1
768 2005 1
769 67 1
770 771 1
770 772 10
770 2000 1
770 2001 1
770 2002 1
771 67 1
772 773 1
772 774 1
772 775 1
772 776 1
772 777 10
773 71 1
774 69 1
775 67 1
776 69 1
777 778 10
777 1996 1
777 1997 1
777 1998 1
777 1999 1
778 779 1
778 780 10
778 1993 1
778 1994 1
778 1995 1
779 73 1
780 781 1
780 782 1
780 783 10
780 1991 1
780 1992 1
781 73 1
782 75 1
783 784 1
783 785 1
783 786 1
783 787 1
783 1990 1
784 75 1
785 77 1
786 79 1
787 788 1
787 789 1
787 790 1
787 791 1
787 792 10
788 79 1
789 77 1
790 79 1
791 81 1
792 793 1
792 794 10
792 1987 1
792 1988 1
792 1989 1
793 83 1
794 795 1
794 796 10
794 1984 1
794 1985 1
794 1986 1
795 83 1
796 797 1
796 798 1
796 799 1
796 800 1
796 801 10
797 87 1
798 85 1
799 83 1
800 85 1
801 802 10
801 1980 1
801 1981 1
801 1982 1
801 1983 1
802 803 1
802 804 10
802 1977 1
802 1978 1
802 1979 1
803 89 1
804 805 1
804 806 1
804 807 1
804 1975 1
804 1976 1
805 89 1
806 91 1
807 808 1
807 809 1
807 810 10
807 1973 1
807 1974 1
808 91 1
809 94 1
810 811 1
810 812 1
810 813 1
810 814 1
810 815 10
811 94 1
812 94 1
813 93 1
814 95 1
815 816 1
815 817 10
815 1970 1
815 1971 1
815 1972 1
816 96 1
817 818 1
817 819 1
817 820 10
817 1968 1
817 1969 1
818 95 1
819 97 1
820 821 1
820 822 1
820 823 1
820 824 1
820 825 10
821 98 1
822 97 1
823 96 1
824 97 1
825 826 1
825 827 10
825 1965 1
825 1966 1
825 1967 1
826 99 1
827 828 1
827 829 1
827 830 1
827 831 1
827 832 10
828 99 1
829 100 1
830 99 1
831 98 1
832 833 1
832 834 10
832 1962 1
832 1963 1
832 1964 1
833 100 1
834 835 1
834 836 1
834 837 1
834 838 10
834 1961 1
835 101 1
836 101 1
837 102 1
838 839 1
838 840 1
838 841 1
838 842 1
838 843 10
839 102 1
840 102 1
841 101 1
842 103 1
843 844 1
843 845 10
843 1958 1
843 1959 1
843 1960 1
844 104 1
845 846 1
845 847 10
845 1955 1
845 1956 1
845 1957 1
846 105 1
847 848 1
847 849 1
847 850 10
847 1953 1
847 1954 1
848 106 1
849 105 1
850 851 1
850 852 10
850 1950 1
850 1951 1
850 1952 1
851 105 1
852 853 1
852 854 1
852 855 1
852 856 1
852 857 10
853 107 1
854 108 1
855 106 1
856 107 1
857 858 1
857 859 10
857 1947 1
857 1948 1
857 1949 1
858 108 1
859 860 1
859 861 1
859 862 10
859 1945 1
859 1946 1
860 109 1
861 109 1
862 863 1
862 864 1
862 865 1
862 866 1
862 867 10
863 110 1
864 110 1
865 109 1
866 111 1
867 868 1
867 869 1
867 870 10
867 1943 1
867 1944 1
868 112 1
869 110 1
870 871 1
870 872 1
870 873 10
870 1941 1
870 1942 1
871 112 1
872 113 1
873 874 1
873 875 1
873 876 1
873 877 10
873 1940 1
874 112 1
875 113 1
876 113 1
877 878 10
877 1936 1
877 1937 1
877 1938 1
877 1939 1
878 879 1
878 880 1
878 881 10
878 1934 1
878 1935 1
879 114 1
880 116 1
881 882 1
881 883 1
881 884 10
881 1932 1
881 1933 1
882 115 1
883 117 1
884 885 1
884 886 1
884 887 1
884 888 1
884 889 10
885 117 1
886 116 1
887 117 1
888 118 1
889 890 10
889 1928 1
889 1929 1
889 1930 1
889 1931 1
890 891 1
890 892 10
890 1925 1
890 1926 1
890 1927 1
891 120 1
892 893 1
892 894 1
892 895 1
892 1923 1
892 1924 1
893 120 1
894 121 1
895 896 1
895 897 1
895 898 1
895 899 10
895 1922 1
896 121 1
897 121 1
898 120 1
899 900 1
899 901 10
899 1919 1
899 1920 1
899 1921 1
900 122 1
901 902 1
901 903 1
901 904 10
901 1917 1
901 1918 1
902 122 1
903 124 1
904 905 1
904 906 1
904 907 10
904 1915 1
904 1916 1
905 123 1
906 125 1
907 908 1
907 909 1
907 910 1
907 911 1
907 912 10
908 125 1
909 124 1
910 125 1
911 126 1
912 913 10
912 1911 1
912 1912 1
912 1913 1
912 1914 1
913 914 10
913 1907 1
913 1908 1
913 1909 1
913 1910 1
914 915 1
914 916 1
914 917 10
914 1905 1
914 1906 1
915 128 1
916 129 1
917 918 1
917 919 1
917 920 1
917 921 1
917 922 10
918 129 1
919 129 1
920 130 1
921 128 1
922 923 1
922 924 10
922 1902 1
922 1903 1
922 1904 1
923 130 1
924 925 1
924 926 1
924 927 10
924 1900 1
924 1901 1
925 130 1
926 132 1
927 928 1
927 929 1
927 930 10
927 1898 1
927 1899 1
928 131 1
929 133 1
930 931 1
930 932 1
930 933 1
930 934 1
930 935 10
931 133 1
932 132 1
933 133 1
934 134 1
935 936 10
935 1894 1
935 1895 1
935 1896 1
935 1897 1
936 937 1
936 938 10
936 1891 1
936 1892 1
936 1893 1
937 136 1
938 939 1
938 940 1
938 941 10
938 1889 1
938 1890 1
939 136 1
940 137 1
941 942 1
941 943 1
941 944 1
941 945 1
941 1888 1
942 137 1
943 137 1
944 138 1
945 946 10
945 1884 1
945 1885 1
945 1886 1
945 1887 1
946 947 1
946 948 1
946 949 1
946 950 10
946 1883 1
947 138 1
948 140 1
949 139 1
950 951 1
950 952 1
950 953 1
950 954 10
950 1882 1
951 139 1
952 140 1
953 142 1
954 955 1
954 956 1
954 957 1
954 958 1
954 959 10
955 142 1
956 144 1
957 140 1
958 142 1
959 960 10
959 1878 1
959 1879 1
959 1880 1
959 1881 1
960 961 1
960 962 10
960 1875 1
960 1876 1
960 1877 1
961 146 1
962 963 1
962 964 1
962 965 1
962 966 1
962 967 10
963 148 1
964 146 1
965 148 1
966 150 1
967 968 1
967 969 1
967 970 10
967 1873 1
967 1874 1
968 152 1
969 150 1
970 971 1
970 972 10
970 1870 1
970 1871 1
970 1872 1
971 152 1
972 973 1
972 974 1
972 975 10
972 1868 1
972 1869 1
973 152 1
974 154 1
975 976 1
975 977 1
975 978 10
975 1866 1
975 1867 1
976 154 1
977 156 1
978 979 1
978 980 1
978 981 1
978 982 1
978 983 10
979 158 1
980 160 1
981 156 1
982 158 1
983 984 10
983 1862 1
983 1863 1
983 1864 1
983 1865 1
984 985 1
984 986 10
984 1859 1
984 1860 1
984 1861 1
985 162 1
986 987 1
986 988 1
986 989 1
986 990 1
986 991 10
987 164 1
988 162 1
989 164 1
990 166 1
991 992 1
991 993 10
991 1856 1
991 1857 1
991 1858 1
992 166 1
993 994 10
993 1852 1
993 1853 1
993 1854 1
993 1855 1
994 995 1
994 996 1
994 997 1
994 998 10
994 1851 1
995 168 1
996 172 1
997 170 1
998 999 1
998 1000 1
998 1001 10
998 1849 1
998 1850 1
999 170 1
1000 173 1
1001 1002 1
1001 1003 1
1001 1004 1
1001 1005 1
1001 1006 10
1002 173 1
1003 173 1
1004 174 1
1005 172 1
1006 1007 10
1006 1845 1
1006 1846 1
1006 1847 1
1006 1848 1
1007 1008 1
1007 1009 1
1007 1010 10
1007 1843 1
1007 1844 1
1008 176 1
1009 174 1
1010 1011 1
1010 1012 1
1010 1013 1
1010 1014 1
1010 1015 10
1011 177 1
1012 176 1
1013 175 1
1014 176 1
1015 1016 1
1015 1017 1
1015 1018 10
1015 1841 1
1015 1842 1
1016 177 1
1017 176 1
1018 1019 1
1018 1020 1
1018 1021 1
1018 1022 1
1018 1023 10
1019 178 1
1020 179 1
1021 178 1
1022 177 1
1023 1024 1
1023 1025 10
1023 1838 1
1023 1839 1
1023 1840 1
1024 179 1
1025 1026 1
1025 1027 1
1025 1028 1
1025 1029 10
1025 1837 1
1026 180 1
1027 180 1
1028 181 1
1029 1030 1
1029 1031 1
1029 1032 1
1029 1033 1
1029 1034 1
1030 181 1
1031 181 1
1032 180 1
1033 182 1
1034 1035 1
1034 1833 1
1034 1834 1
1034 1835 1
1034 1836 1
1035 1036 1
1035 1037 10
1035 1830 1
1035 1831 1
1035 1832 1
1036 184 1
1037 1038 1
1037 1039 1
1037 1040 10
1037 1828 1
1037 1829 1
1038 185 1
1039 184 1
1040 1041 1
1040 1042 1
1040 1043 10
1040 1826 1
1040 1827 1
1041 184 1
1042 185 1
1043 1044 1
1043 1045 1
1043 1046 1
1043 1047 1
1043 1048 10
1044 185 1
1045 186 1
1046 187 1
1047 186 1
1048 1049 1
1048 1050 1
1048 1051 10
1048 1824 1
1048 1825 1
1049 186 1
1050 188 1
1051 1052 1
1051 1053 1
1051 1054 1
1051 1055 10
1051 1823 1
1052 188 1
1053 187 1
1054 189 1
1055 1056 1
1055 1057 1
1055 1058 1
1055 1059 1
1055 1060 10
1056 189 1
1057 188 1
1058 189 1
1059 190 1
1060 1061 1
1060 1062 10
1060 1820 1
1060 1821 1
1060 1822 1
1061 190 1
1062 1063 1
1062 1064 10
1062 1817 1
1062 1818 1
1062 1819 1
1063 191 1
1064 1065 1
1064 1066 1
1064 1067 1
1064 1068 10
1064 1816 1
1065 193 1
1066 192 1
1067 191 1
1068 1069 10
1068 1812 1
1068 1813 1
1068 1814 1
1068 1815 1
1069 1070 1
1069 1071 10
1069 1809 1
1069 1810 1
1069 1811 1
1070 193 1
1071 1072 1
1071 1073 1
1071 1074 10
1071 1807 1
1071 1808 1
1072 194 1
1073 196 1
1074 1075 1
1074 1076 1
1074 1077 1
1074 1078 10
1074 1806 1
1075 196 1
1076 195 1
1077 196 1
1078 1079 10
1078 1802 1
1078 1803 1
1078 1804 1
1078 1805 1
1079 1080 10
1079 1798 1
1079 1799 1
1079 1800 1
1079 1801 1
1080 1081 1
1080 1082 1
1080 1083 10
1080 1796 1
1080 1797 1
1081 199 1
1082 200 1
1083 1084 1
1083 1085 1
1083 1086 1
1083 1087 1
1083 1088 10
1084 201 1
1085 200 1
1086 200 1
1087 199 1
1088 1089 1
1088 1090 10
1088 1793 1
1088 1794 1
1088 1795 1
1089 201 1
1090 1091 1
1090 1092 1
1090 1093 10
1090 1791 1
1090 1792 1
1091 201 1
1092 202 1
1093 1094 1
1093 1095 1
1093 1096 1
1093 1097 10
1093 1790 1
1094 202 1
1095 203 1
1096 204 1
1097 1098 1
1097 1099 1
1097 1100 1
1097 1101 1
1097 1102 10
1098 205 1
1099 204 1
1100 203 1
1101 204 1
1102 1103 10
1102 1786 1
1102 1787 1
1102 1788 1
1102 1789 1
1103 1104 10
1103 1782 1
1103 1783 1
1103 1784 1
1103 1785 1
1104 1105 1
1104 1106 1
1104 1107 10
1104 1780 1
1104 1781 1
1105 207 1
1106 208 1
1107 1108 1
1107 1109 1
1107 1110 10
1107 1778 1
1107 1779 1
1108 208 1
1109 207 1
1110 1111 10
1110 1774 1
1110 1775 1
1110 1776 1
1110 1777 1
1111 1112 1
1111 1113 1
1111 1771 1
1111 1772 1
1111 1773 1
1112 209 1
1113 1114 1
1113 1115 1
1113 1116 10
1113 1769 1
1113 1770 1
1114 210 1
1115 212 1
1116 1117 1
1116 1118 1
1116 1119 1
1116 1120 10
1116 1768 1
1117 212 1
1118 211 1
1119 212 1
1120 1121 10
1120 1764 1
1120 1765 1
1120 1766 1
1120 1767 1
1121 1122 10
1121 1760 1
1121 1761 1
1121 1762 1
1121 1763 1
1122 1123 1
1122 1124 1
1122 1125 10
1122 1758 1
1122 1759 1
1123 215 1
1124 216 1
1125 1126 1
1125 1127 1
1125 1128 1
1125 1129 10
1125 1757 1
1126 217 1
1127 216 1
1128 216 1
1129 1130 10
1129 1753 1
1129 1754 1
1129 1755 1
1129 1756 1
1130 1131 1
1130 1132 1
1130 1133 10
1130 1751 1
1130 1752 1
1131 217 1
1132 218 1
1133 1134 1
1133 1135 1
1133 1136 1
1133 1137 10
1133 1750 1
1134 218 1
1135 219 1
1136 221 1
1137 1138 1
1137 1139 1
1137 1140 1
1137 1141 1
1137 1142 10
1138 221 1
1139 223 1
1140 219 1
1141 221 1
1142 1143 10
1142 1746 1
1142 1747 1
1142 1748 1
1142 1749 1
1143 1144 1
1143 1145 10
1143 1743 1
1143 1744 1
1143 1745 1
1144 225 1
1145 1146 1
1145 1147 1
1145 1148 1
1145 1149 1
1145 1150 10
1146 229 1
1147 227 1
1148 225 1
1149 227 1
1150 1151 1
1150 1152 10
1150 1740 1
1150 1741 1
1150 1742 1
1151 231 1
1152 1153 1
1152 1154 10
1152 1737 1
1152 1738 1
1152 1739 1
1153 231 1
1154 1155 1
1154 1156 1
1154 1157 10
1154 1735 1
1154 1736 1
1155 231 1
1156 233 1
1157 1158 1
1157 1159 1
1157 1160 1
1157 1161 10
1157 1734 1
1158 233 1
1159 235 1
1160 237 1
1161 1162 1
1161 1163 1
1161 1164 1
1161 1165 1
1161 1166 10
1162 237 1
1163 239 1
1164 235 1
1165 237 1
1166 1167 10
1166 1730 1
1166 1731 1
1166 1732 1
1166 1733 1
1167 1168 1
1167 1169 10
1167 1727 1
1167 1728 1
1167 1729 1
1168 241 1
1169 1170 1
1169 1171 1
1169 1172 1
1169 1173 1
1169 1174 10
1170 245 1
1171 243 1
1172 241 1
1173 243 1
1174 1175 10
1174 1723 1
1174 1724 1
1174 1725 1
1174 1726 1
1175 1176 10
1175 1719 1
1175 1720 1
1175 1721 1
1175 1722 1
1176 1177 1
1176 1178 1
1176 1179 10
1176 1717 1
1176 1718 1
1177 247 1
1178 249 1
1179 1180 1
1179 1181 1
1179 1182 10
1179 1715 1
1179 1716 1
1180 249 1
1181 252 1
1182 1183 1
1182 1184 1
1182 1185 1
1182 1186 1
1182 1187 10
1183 252 1
1184 252 1
1185 253 1
1186 251 1
1187 1188 10
1187 1711 1
1187 1712 1
1187 1713 1
1187 1714 1
1188 1189 1
1188 1190 1
1188 1708 1
1188 1709 1
1188 1710 1
1189 253 1
1190 1191 1
1190 1192 1
1190 1193 1
1190 1194 1
1190 1195 10
1191 256 1
1192 255 1
1193 254 1
1194 255 1
1195 1196 10
1195 1704 1
1195 1705 1
1195 1706 1
1195 1707 1
1196 1197 1
1196 1198 1
1196 1199 1
1196 1200 1
1196 1201 1
1197 257 1
1198 258 1
1199 257 1
1200 256 1
1201 1202 1
1201 1203 10
1201 1701 1
1201 1702 1
1201 1703 1
1202 258 1
1203 1204 1
1203 1205 1
1203 1206 1
1203 1207 10
1203 1700 1
1204 259 1
1205 259 1
1206 260 1
1207 1208 1
1207 1209 1
1207 1210 1
1207 1211 1
1207 1212 10
1208 260 1
1209 260 1
1210 259 1
1211 261 1
1212 1213 10
1212 1696 1
1212 1697 1
1212 1698 1
1212 1699 1
1213 1214 10
1213 1692 1
1213 1693 1
1213 1694 1
1213 1695 1
1214 1215 1
1214 1216 1
1214 1217 10
1214 1690 1
1214 1691 1
1215 264 1
1216 263 1
1217 1218 10
1217 1686 1
1217 1687 1
1217 1688 1
1217 1689 1
1218 1219 1
1218 1220 1
1218 1221 1
1218 1222 1
1218 1223 10
1219 265 1
1220 264 1
1221 266 1
1222 265 1
1223 1224 1
1223 1225 10
1223 1683 1
1223 1684 1
1223 1685 1
1224 266 1
1225 1226 1
1225 1227 1
1225 1228 1
1225 1229 10
1225 1682 1
1226 267 1
1227 267 1
1228 268 1
1229 1230 1
1229 1231 1
1229 1232 1
1229 1233 1
1229 1234 10
1230 268 1
1231 268 1
1232 267 1
1233 269 1
1234 1235 1
1234 1236 1
1234 1237 10
1234 1680 1
1234 1681 1
1235 270 1
1236 268 1
1237 1238 1
1237 1239 10
1237 1677 1
1237 1678 1
1237 1679 1
1238 270 1
1239 1240 1
1239 1241 1
1239 1242 1
1239 1243 10
1239 1676 1
1240 272 1
1241 270 1
1242 271 1
1243 1244 10
1243 1672 1
1243 1673 1
1243 1674 1
1243 1675 1
1244 1245 1
1244 1246 1
1244 1247 10
1244 1670 1
1244 1671 1
1245 272 1
1246 274 1
1247 1248 1
1247 1249 1
1247 1250 10
1247 1668 1
1247 1669 1
1248 273 1
1249 275 1
1250 1251 1
1250 1252 1
1250 1253 1
1250 1254 1
1250 1255 10
1251 275 1
1252 276 1
1253 274 1
1254 275 1
1255 1256 10
1255 1664 1
1255 1665 1
1255 1666 1
1255 1667 1
1256 1257 10
1256 1660 1
1256 1661 1
1256 1662 1
1256 1663 1
1257 1258 1
1257 1259 1
1257 1260 10
1257 1658 1
1257 1659 1
1258 278 1
1259 279 1
1260 1261 1
1260 1262 1
1260 1263 1
1260 1264 1
1260 1265 10
1261 279 1
1262 279 1
1263 278 1
1264 280 1
1265 1266 10
1265 1654 1
1265 1655 1
1265 1656 1
1265 1657 1
1266 1267 1
1266 1268 1
1266 1269 10
1266 1652 1
1266 1653 1
1267 280 1
1268 282 1
1269 1270 1
1269 1271 1
1269 1272 10
1269 1650 1
1269 1651 1
1270 281 1
1271 283 1
1272 1273 1
1272 1274 1
1272 1275 1
1272 1276 1
1272 1277 10
1273 283 1
1274 282 1
1275 283 1
1276 284 1
1277 1278 10
1277 1646 1
1277 1647 1
1277 1648 1
1277 1649 1
1278 1279 1
1278 1642 1
1278 1643 1
1278 1644 1
1278 1645 1
1279 1280 1
1279 1281 1
1279 1282 1
1279 1640 1
1279 1641 1
1280 286 1
1281 287 1
1282 1283 1
1282 1284 1
1282 1285 1
1282 1638 1
1282 1639 1
1283 287 1
1284 287 1
1285 1286 1
1285 1634 1
1285 1635 1
1285 1636 1
1285 1637 1
1286 1287 1
1286 1288 1
1286 1289 1
1286 1632 1
1286 1633 1
1287 288 1
1288 290 1
1289 1290 1
1289 1291 1
1289 1292 1
1289 1630 1
1289 1631 1
1290 289 1
1291 291 1
1292 1293 1
1292 1294 1
1292 1295 1
1292 1296 1
1292 1297 1
1293 291 1
1294 290 1
1295 291 1
1296 292 1
1297 1298 1
1297 1626 1
1297 1627 1
1297 1628 1
1297 1629 1
1298 1299 1
1298 1300 1
1298 1623 1
1298 1624 1
1298 1625 1
1299 294 1
1300 1301 1
1300 1302 1
1300 1303 1
1300 1621 1
1300 1622 1
1301 294 1
1302 295 1
1303 1304 1
1303 1305 1
1303 1306 1
1303 1619 1
1303 1620 1
1304 295 1
1305 295 1
1306 1307 1
1306 1615 1
1306 1616 1
1306 1617 1
1306 1618 1
1307 1308 1
1307 1309 1
1307 1310 1
1307 1613 1
1307 1614 1
1308 296 1
1309 297 1
1310 1311 1
1310 1312 1
1310 1313 1
1310 1314 1
1310 1612 1
1311 297 1
1312 298 1
1313 300 1
1314 1315 1
1314 1316 1
1314 1317 1
1314 1318 1
1314 1319 1
1315 300 1
1316 302 1
1317 298 1
1318 300 1
1319 1320 1
1319 1608 1
1319 1609 1
1319 1610 1
1319 1611 1
1320 1321 1
1320 1322 1
1320 1605 1
1320 1606 1
1320 1607 1
1321 304 1
1322 1323 1
1322 1324 1
1322 1325 1
1322 1326 1
1322 1327 1
1323 308 1
1324 306 1
1325 304 1
1326 306 1
1327 1328 1
1327 1329 1
1327 1330 1
1327 1331 1
1327 1604 1
1328 310 1
1329 308 1
1330 306 1
1331 1332 1
1331 1333 1
1331 1601 1
1331 1602 1
1331 1603 1
1332 310 1
1333 1334 1
1333 1335 1
1333 1336 1
1333 1599 1
1333 1600 1
1334 310 1
1335 312 1
1336 1337 1
1336 1338 1
1336 1339 1
1336 1340 1
1336 1598 1
1337 316 1
1338 312 1
1339 314 1
1340 1341 1
1340 1342 1
1340 1343 1
1340 1344 1
1340 1345 1
1341 316 1
1342 318 1
1343 314 1
1344 316 1
1345 1346 1
1345 1594 1
1345 1595 1
1345 1596 1
1345 1597 1
1346 1347 1
1346 1348 1
1346 1591 1
1346 1592 1
1346 1593 1
1347 320 1
1348 1349 1
1348 1350 1
1348 1351 1
1348 1352 1
1348 1353 1
1349 324 1
1350 322 1
1351 320 1
1352 322 1
1353 1354 1
1353 1355 1
1353 1356 1
1353 1357 1
1353 1590 1
1354 324 1
1355 322 1
1356 324 1
1357 1358 1
1357 1586 1
1357 1587 1
1357 1588 1
1357 1589 1
1358 1359 1
1358 1360 1
1358 1361 1
1358 1362 1
1358 1585 1
1359 326 1
1360 330 1
1361 328 1
1362 1363 1
1362 1364 1
1362 1365 1
1362 1583 1
1362 1584 1
1363 328 1
1364 331 1
1365 1366 1
1365 1367 1
1365 1368 1
1365 1369 1
1365 1370 1
1366 331 1
1367 331 1
1368 332 1
1369 330 1
1370 1371 1
1370 1579 1
1370 1580 1
1370 1581 1
1370 1582 1
1371 1372 1
1371 1373 1
1371 1374 1
1371 1577 1
1371 1578 1
1372 334 1
1373 332 1
1374 1375 1
1374 1376 1
1374 1377 1
1374 1378 1
1374 1379 1
1375 335 1
1376 334 1
1377 333 1
1378 334 1
1379 1380 1
1379 1573 1
1379 1574 1
1379 1575 1
1379 1576 1
1380 1381 1
1380 1382 1
1380 1383 1
1380 1384 1
1380 1385 1
1381 336 1
1382 337 1
1383 336 1
1384 335 1
1385 1386 1
1385 1387 1
1385 1388 1
1385 1571 1
1385 1572 1
1386 337 1
1387 338 1
1388 1389 1
1388 1390 1
1388 1391 1
1388 1392 1
1388 1570 1
1389 338 1
1390 338 1
1391 339 1
1392 1393 1
1392 1394 1
1392 1395 1
1392 1396 1
1392 1397 1
1393 339 1
1394 339 1
1395 338 1
1396 340 1
1397 1398 1
1397 1566 1
1397 1567 1
1397 1568 1
1397 1569 1
1398 1399 1
1398 1400 1
1398 1563 1
1398 1564 1
1398 1565 1
1399 342 1
1400 1401 1
1400 1402 1
1400 1403 1
1400 1561 1
1400 1562 1
1401 343 1
1402 342 1
1403 1404 1
1403 1557 1
1403 1558 1
1403 1559 1
1403 1560 1
1404 1405 1
1404 1406 1
1404 1407 1
1404 1408 1
1404 1409 1
1405 343 1
1406 344 1
1407 345 1
1408 344 1
1409 1410 1
1409 1411 1
1409 1412 1
1409 1555 1
1409 1556 1
1410 344 1
1411 346 1
1412 1413 1
1412 1414 1
1412 1415 1
1412 1416 1
1412 1554 1
1413 346 1
1414 345 1
1415 347 1
1416 1417 1
1416 1418 1
1416 1419 1
1416 1420 1
1416 1421 1
1417 347 1
1418 346 1
1419 347 1
1420 348 1
1421 1422 1
1421 1423 1
1421 1551 1
1421 1552 1
1421 1553 1
1422 348 1
1423 1424 1
1423 1425 1
1423 1548 1
1423 1549 1
1423 1550 1
1424 349 1
1425 1426 1
1425 1427 1
1425 1428 1
1425 1429 1
1425 1547 1
1426 350 1
1427 351 1
1428 350 1
1429 1430 1
1429 1543 1
1429 1544 1
1429 1545 1
1429 1546 1
1430 1431 1
1430 1432 1
1430 1540 1
1430 1541 1
1430 1542 1
1431 351 1
1432 1433 1
1432 1434 1
1432 1435 1
1432 1538 1
1432 1539 1
1433 352 1
1434 354 1
1435 1436 1
1435 1437 1
1435 1438 1
1435 1439 1
1435 1537 1
1436 354 1
1437 353 1
1438 354 1
1439 1440 1
1439 1533 1
1439 1534 1
1439 1535 1
1439 1536 1
1440 1441 1
1440 1529 1
1440 1530 1
1440 1531 1
1440 1532 1
1441 1442 1
1441 1443 1
1441 1444 1
1441 1527 1
1441 1528 1
1442 357 1
1443 358 1
1444 1445 1
1444 1446 1
1444 1447 1
1444 1448 1
1444 1449 1
1445 359 1
1446 358 1
1447 358 1
1448 357 1
1449 1450 1
1449 1523 1
1449 1524 1
1449 1525 1
1449 1526 1
1450 1451 1
1450 1452 1
1450 1520 1
1450 1521 1
1450 1522 1
1451 359 1
1452 1453 1
1452 1454 1
1452 1455 1
1452 1518 1
1452 1519 1
1453 360 1
1454 362 1
1455 1456 1
1455 1457 1
1455 1458 1
1455 1459 1
1455 1460 1
1456 363 1
1457 362 1
1458 361 1
1459 362 1
1460 1461 1
1460 1514 1
1460 1515 1
1460 1516 1
1460 1517 1
1461 1462 1
1461 1510 1
1461 1511 1
1461 1512 1
1461 1513 1
1462 1463 1
1462 1464 1
1462 1465 1
1462 1508 1
1462 1509 1
1463 365 1
1464 366 1
1465 1466 1
1465 1467 1
1465 1468 1
1465 1469 1
1465 1470 1
1466 366 1
1467 366 1
1468 367 1
1469 365 1
1470 1471 1
1470 1472 1
1470 1505 1
1470 1506 1
1470 1507 1
1471 367 1
1472 1473 1
1472 1474 1
1472 1475 1
1472 1503 1
1472 1504 1
1473 367 1
1474 369 1
1475 1476 1
1475 1477 1
1475 1478 1
1475 1501 1
1475 1502 1
1476 368 1
1477 370 1
1478 1479 1
1478 1480 1
1478 1481 1
1478 1482 1
1478 1483 1
1479 370 1
1480 369 1
1481 370 1
1482 371 1
1483 1484 1
1483 1497 1
1483 1498 1
1483 1499 1
1483 1500 1
1484 1485 1
1484 1486 1
1484 1494 1
1484 1495 1
1484 1496 1
1485 373 1
1486 1487 1
1486 1488 1
1486 1489 1
1486 1490 1
1486 1491 1
1486 1492 1
1486 1493 1
1487 373 1
1488 374 1
1489 374 1
1490 372 1
1491 373 1
1492 373 1
1493 374 1
1494 371 1
1495 372 1
1496 372 1
1497 371 1
1498 371 1
1499 370 1
1500 372 1
1501 369 1
1502 369 1
1503 368 1
1504 368 1
1505 367 1
1506 366 1
1507 368 1
1508 364 1
1509 365 1
1510 363 1
1511 364 1
1512 365 1
1513 364 1
1514 363 1
1515 363 1
1516 362 1
1517 364 1
1518 361 1
1519 361 1
1520 361 1
1521 360 1
1522 360 1
1523 359 1
1524 359 1
1525 360 1
1526 358 1
1527 356 1
1528 357 1
1529 357 1
1530 355 1
1531 356 1
1532 356 1
1533 355 1
1534 355 1
1535 354 1
1536 356 1
1537 355 1
1538 353 1
1539 353 1
1540 353 1
1541 352 1
1542 352 1
1543 351 1
1544 351 1
1545 350 1
1546 352 1
1547 349 1
1548 348 1
1549 350 1
1550 349 1
1551 349 1
1552 347 1
1553 348 1
1554 346 1
1555 345 1
1556 345 1
1557 342 1
1558 343 1
1559 343 1
1560 344 1
1561 341 1
1562 342 1
1563 341 1
1564 341 1
1565 340 1
1566 339 1
1567 340 1
1568 340 1
1569 341 1
1570 337 1
1571 337 1
1572 336 1
1573 335 1
1574 334 1
1575 335 1
1576 336 1
1577 333 1
1578 333 1
1579 332 1
1580 331 1
1581 332 1
1582 333 1
1583 330 1
1584 330 1
1585 328 1
1586 326 1
1587 328 1
1588 326 1
1589 324 1
1590 326 1
1591 318 1
1592 320 1
1593 322 1
1594 316 1
1595 318 1
1596 320 1
1597 318 1
1598 314 1
1599 314 1
1600 312 1
1601 312 1
1602 310 1
1603 308 1
1604 308 1
1605 302 1
1606 304 1
1607 306 1
1608 300 1
1609 302 1
1610 304 1
1611 302 1
1612 298 1
1613 298 1
1614 297 1
1615 296 1
1616 296 1
1617 295 1
1618 297 1
1619 294 1
1620 296 1
1621 293 1
1622 294 1
1623 292 1
1624 293 1
1625 293 1
1626 292 1
1627 292 1
1628 291 1
1629 293 1
1630 290 1
1631 290 1
1632 289 1
1633 289 1
1634 288 1
1635 288 1
1636 287 1
1637 289 1
1638 288 1
1639 286 1
1640 285 1
1641 286 1
1642 286 1
1643 284 1
1644 285 1
1645 285 1
1646 284 1
1647 284 1
1648 283 1
1649 285 1
1650 282 1
1651 282 1
1652 281 1
1653 281 1
1654 280 1
1655 280 1
1656 279 1
1657 281 1
1658 277 1
1659 278 1
1660 276 1
1661 278 1
1662 277 1
1663 277 1
1664 276 1
1665 276 1
1666 275 1
1667 277 1
1668 274 1
1669 274 1
1670 273 1
1671 273 1
1672 271 1
1673 272 1
1674 272 1
1675 273 1
1676 271 1
1677 270 1
1678 271 1
1679 269 1
1680 269 1
1681 269 1
1682 266 1
1683 266 1
1684 267 1
1685 265 1
1686 263 1
1687 264 1
1688 264 1
1689 265 1
1690 262 1
1691 263 1
1692 262 1
1693 262 1
1694 263 1
1695 261 1
1696 260 1
1697 261 1
1698 261 1
1699 262 1
1700 258 1
1701 259 1
1702 258 1
1703 257 1
1704 256 1
1705 255 1
1706 256 1
1707 257 1
1708 254 1
1709 254 1
1710 255 1
1711 253 1
1712 252 1
1713 253 1
1714 254 1
1715 251 1
1716 251 1
1717 249 1
1718 251 1
1719 247 1
1720 249 1
1721 247 1
1722 245 1
1723 245 1
1724 243 1
1725 245 1
1726 247 1
1727 239 1
1728 241 1
1729 243 1
1730 237 1
1731 239 1
1732 241 1
1733 239 1
1734 235 1
1735 235 1
1736 233 1
1737 231 1
1738 233 1
1739 229 1
1740 229 1
1741 227 1
1742 229 1
1743 223 1
1744 225 1
1745 227 1
1746 221 1
1747 223 1
1748 225 1
1749 223 1
1750 219 1
1751 219 1
1752 218 1
1753 217 1
1754 217 1
1755 216 1
1756 218 1
1757 215 1
1758 214 1
1759 215 1
1760 215 1
1761 213 1
1762 214 1
1763 214 1
1764 213 1
1765 213 1
1766 212 1
1767 214 1
1768 213 1
1769 211 1
1770 211 1
1771 211 1
1772 210 1
1773 210 1
1774 209 1
1775 209 1
1776 208 1
1777 210 1
1778 208 1
1779 209 1
1780 206 1
1781 207 1
1782 207 1
1783 205 1
1784 206 1
1785 206 1
1786 205 1
1787 204 1
1788 205 1
1789 206 1
1790 203 1
1791 203 1
1792 202 1
1793 201 1
1794 202 1
1795 200 1
1796 198 1
1797 199 1
1798 199 1
1799 197 1
1800 198 1
1801 198 1
1802 197 1
1803 197 1
1804 196 1
1805 198 1
1806 197 1
1807 195 1
1808 195 1
1809 195 1
1810 194 1
1811 194 1
1812 193 1
1813 193 1
1814 192 1
1815 194 1
1816 192 1
1817 190 1
1818 192 1
1819 191 1
1820 191 1
1821 189 1
1822 190 1
1823 188 1
1824 187 1
1825 187 1
1826 185 1
1827 186 1
1828 183 1
1829 184 1
1830 183 1
1831 183 1
1832 182 1
1833 181 1
1834 182 1
1835 182 1
1836 183 1
1837 179 1
1838 180 1
1839 179 1
1840 178 1
1841 177 1
1842 178 1
1843 175 1
1844 175 1
1845 174 1
1846 173 1
1847 174 1
1848 175 1
1849 172 1
1850 172 1
1851 170 1
1852 168 1
1853 170 1
1854 168 1
1855 166 1
1856 164 1
1857 166 1
1858 168 1
1859 160 1
1860 162 1
1861 164 1
1862 162 1
1863 158 1
1864 160 1
1865 160 1
1866 158 1
1867 156 1
1868 156 1
1869 154 1
1870 154 1
1871 152 1
1872 150 1
1873 148 1
1874 150 1
1875 144 1
1876 146 1
1877 148 1
1878 146 1
1879 142 1
1880 144 1
1881 144 1
1882 140 1
1883 139 1
1884 138 1
1885 138 1
1886 137 1
1887 139 1
1888 136 1
1889 135 1
1890 136 1
1891 134 1
1892 135 1
1893 135 1
1894 134 1
1895 134 1
1896 133 1
1897 135 1
1898 132 1
1899 132 1
1900 131 1
1901 131 1
1902 130 1
1903 129 1
1904 131 1
1905 127 1
1906 128 1
1907 126 1
1908 128 1
1909 127 1
1910 127 1
1911 126 1
1912 126 1
1913 125 1
1914 127 1
1915 124 1
1916 124 1
1917 123 1
1918 123 1
1919 123 1
1920 122 1
1921 121 1
1922 122 1
1923 119 1
1924 120 1
1925 118 1
1926 119 1
1927 119 1
1928 118 1
1929 118 1
1930 117 1
1931 119 1
1932 116 1
1933 116 1
1934 115 1
1935 115 1
1936 113 1
1937 114 1
1938 115 1
1939 114 1
1940 114 1
1941 112 1
1942 111 1
1943 111 1
1944 111 1
1945 108 1
1946 110 1
1947 109 1
1948 108 1
1949 107 1
1950 106 1
1951 107 1
1952 106 1
1953 104 1
1954 105 1
1955 104 1
1956 104 1
1957 103 1
1958 102 1
1959 103 1
1960 103 1
1961 100 1
1962 101 1
1963 100 1
1964 99 1
1965 98 1
1966 97 1
1967 98 1
1968 96 1
1969 96 1
1970 95 1
1971 94 1
1972 95 1
1973 93 1
1974 93 1
1975 93 1
1976 91 1
1977 91 1
1978 89 1
1979 87 1
1980 87 1
1981 89 1
1982 85 1
1983 87 1
1984 81 1
1985 83 1
1986 85 1
1987 79 1
1988 81 1
1989 81 1
1990 77 1
1991 77 1
1992 75 1
1993 75 1
1994 73 1
1995 71 1
1996 71 1
1997 73 1
1998 69 1
1999 71 1
2000 65 1
2001 67 1
2002 69 1
2003 63 1
2004 65 1
2005 65 1
2006 61 1
2007 61 1
2008 60 1
2009 60 1
2010 59 1
2011 58 1
2012 59 1
2013 57 1
2014 59 1
2015 56 1
2016 57 1
2017 55 1
2018 56 1
2019 56 1
2020 55 1
2021 55 1
2022 54 1
2023 56 1
2024 53 1
2025 53 1
2026 53 1
2027 52 1
2028 52 1
2029 52 1
2030 51 1
2031 50 1
2032 51 1
2033 49 1
2034 51 1
2035 48 1
2036 49 1
2037 47 1
2038 48 1
2039 48 1
2040 47 1
2041 47 1
2042 46 1
2043 48 1
2044 45 1
2045 45 1
2046 44 1
2047 44 1
2048 42 1
2049 43 1
2050 44 1
2051 43 1
2052 43 1
2053 40 1
2054 41 1
2055 39 1
2056 40 1
2057 40 1
2058 39 1
2059 39 1
2060 38 1
2061 40 1
2062 37 1
2063 37 1
2064 36 1
2065 36 1
2066 34 1
2067 36 1
2068 35 1
2069 35 1
2070 35 1
2071 33 1
2072 32 1
2073 32 1
2074 32 1
2075 29 1
2076 31 1
2077 30 1
2078 29 1
2079 28 1
2080 27 1
2081 25 1
2082 26 1
2083 25 1
2084 25 1
2085 24 1
2086 23 1
2087 24 1
2088 24 1
2089 21 1
2090 21 1
2091 20 1
2092 17 1
2093 18 1
2094 17 1
2095 16 1
2096 16 1
2097 14 1
2098 15 1
2099 10 1
2100 12 1
2101 10 1
2102 6 1
2103 10 1
2104 6 1
2105 6 1
