0 1 1
1 2 1
2 3 1
3 4 1
4 5 1
4 226 1
5 6 1
6 7 1
6 224 1
7 8 1
8 9 1
8 222 1
9 10 1
10 11 1
10 220 1
11 12 1
12 13 1
12 218 1
13 14 1
14 15 1
14 216 1
15 16 1
16 17 1
16 214 1
17 18 1
18 19 1
18 212 1
19 20 1
20 21 1
20 210 1
21 22 1
22 23 1
22 208 1
23 24 1
24 25 1
24 206 1
25 26 1
26 27 1
26 204 1
27 28 1
28 29 1
28 202 1
29 30 1
30 31 1
30 200 1
31 32 1
32 33 1
32 198 1
33 34 1
34 35 1
34 196 1
35 36 1
36 37 1
36 194 1
37 38 1
38 39 1
38 192 1
39 40 1
40 41 1
40 190 1
41 42 1
42 43 1
42 188 1
43 44 1
44 45 1
44 186 1
45 46 1
46 47 1
46 184 1
47 48 1
48 49 1
48 182 1
49 50 1
50 51 1
50 180 1
51 52 1
52 53 1
52 178 1
53 54 1
54 55 1
54 176 1
55 56 1
56 57 1
56 174 1
57 58 1
58 59 1
58 172 1
59 60 1
60 61 1
60 170 1
61 62 1
62 63 1
62 168 1
63 64 1
64 65 1
64 166 1
65 66 1
66 67 1
66 70 1
67 68 1
67 69 1
70 71 1
71 72 1
71 74 1
72 69 1
72 73 1
74 75 1
75 76 1
75 78 1
76 77 1
76 69 1
78 79 1
79 80 1
79 82 1
80 69 1
80 81 1
82 83 1
83 84 1
83 86 1
84 85 1
84 69 1
86 87 1
87 88 1
87 90 1
88 69 1
88 89 1
90 91 1
91 92 1
91 94 1
92 93 1
92 69 1
94 95 1
95 96 1
95 98 1
96 69 1
96 97 1
98 99 1
99 100 1
99 102 1
100 101 1
100 69 1
102 103 1
103 104 1
103 106 1
104 69 1
104 105 1
106 107 1
107 108 1
107 110 1
108 109 1
108 69 1
110 111 1
111 112 1
111 114 1
112 69 1
112 113 1
114 115 1
115 116 1
115 118 1
116 69 1
116 117 1
118 119 1
119 120 1
119 122 1
120 121 1
120 69 1
122 123 1
123 124 1
123 126 1
124 69 1
124 125 1
126 127 1
127 128 1
127 164 1
128 129 1
129 130 1
129 162 1
130 131 1
131 132 1
131 160 1
132 133 1
133 134 1
133 158 1
134 135 1
135 136 1
135 156 1
136 137 1
137 138 1
137 154 1
138 139 1
139 140 1
139 152 1
140 141 1
141 142 1
141 150 1
142 143 1
143 144 1
143 148 1
144 145 1
145 146 1
146 69 1
146 147 1
148 149 1
148 69 1
150 69 1
150 151 1
152 153 1
152 69 1
154 69 1
154 155 1
156 157 1
156 69 1
158 69 1
158 159 1
160 161 1
160 69 1
162 69 1
162 163 1
164 165 1
164 69 1
166 69 1
166 167 1
168 169 1
168 69 1
170 69 1
170 171 1
172 173 1
172 69 1
174 69 1
174 175 1
176 177 1
176 69 1
178 69 1
178 179 1
180 181 1
180 69 1
182 69 1
182 183 1
184 185 1
184 69 1
186 69 1
186 187 1
188 189 1
188 69 1
190 69 1
190 191 1
192 193 1
192 69 1
194 69 1
194 195 1
196 197 1
196 69 1
198 69 1
198 199 1
200 201 1
200 69 1
202 69 1
202 203 1
204 205 1
204 69 1
206 69 1
206 207 1
208 209 1
208 69 1
210 69 1
210 211 1
212 213 1
212 69 1
214 69 1
214 215 1
216 217 1
216 69 1
218 69 1
218 219 1
220 221 1
220 69 1
222 69 1
222 223 1
224 225 1
224 69 1
226 69 1
226 227 1
