0 1
1 2
1 22
1 326
1 328
1 330
1 331
1 333
1 334
1 335
1 337
1 339
1 341
1 342
1 344
1 345
1 347
1 348
1 349
1 351
1 352
1 354
1 355
1 357
1 358
2 3
2 21
3 4
3 20
4 5
4 19
5 6
5 18
6 7
6 17
7 8
7 16
8 9
8 15
9 10
9 14
10 11
10 13
11 12
13 12
14 13
15 14
16 15
17 16
18 17
19 18
20 19
21 20
22 23
23 24
23 293
23 294
23 295
23 297
23 299
23 300
23 301
23 303
23 305
23 306
23 3
23 308
23 309
23 311
23 312
23 314
23 315
23 317
23 318
23 320
23 321
23 323
23 324
24 25
25 26
25 42
25 58
25 264
25 266
25 267
25 269
25 270
25 271
25 273
25 275
25 276
25 278
25 4
25 279
25 281
25 282
25 283
25 285
25 286
25 287
25 289
25 290
25 292
26 27
26 41
27 28
27 40
28 29
28 39
29 30
29 38
30 31
30 37
31 32
31 36
32 33
32 35
33 34
35 34
36 35
37 36
38 37
39 38
40 39
41 40
42 43
42 57
43 44
43 56
44 45
44 55
45 46
45 54
46 47
46 53
47 48
47 52
48 49
48 51
49 50
51 50
52 49
53 52
54 53
55 54
56 55
57 56
58 59
59 60
59 74
59 27
59 43
59 237
59 238
59 239
59 240
59 241
59 243
59 244
59 245
59 246
59 248
59 249
59 251
59 5
59 252
59 254
59 256
59 257
59 259
59 261
59 263
60 61
60 73
61 62
61 72
62 63
62 71
63 64
63 70
64 65
64 69
65 66
65 68
66 67
68 67
69 66
70 69
71 70
72 71
73 72
74 75
75 76
75 210
75 28
75 44
75 211
75 212
75 214
75 215
75 217
75 218
75 219
75 6
75 220
75 222
75 224
75 225
75 227
75 228
75 230
75 231
75 232
75 234
75 61
75 235
76 77
77 78
77 183
77 185
77 187
77 188
77 29
77 189
77 45
77 191
77 192
77 193
77 195
77 196
77 198
77 199
77 200
77 202
77 204
77 62
77 205
77 206
77 207
77 209
77 7
78 79
79 80
79 88
79 158
79 159
79 161
79 163
79 164
79 165
79 30
79 166
79 46
79 167
79 168
79 169
79 171
79 172
79 173
79 175
79 63
79 177
79 179
79 8
79 180
79 182
80 81
80 87
81 82
81 86
82 83
82 85
83 84
85 84
86 85
87 86
88 89
89 90
89 133
89 134
89 136
89 138
89 139
89 31
89 47
89 140
89 141
89 143
89 144
89 81
89 64
89 145
89 146
89 147
89 148
89 150
89 152
89 9
89 153
89 154
89 156
90 91
91 92
91 108
91 110
91 111
91 112
91 10
91 114
91 116
91 117
91 118
91 120
91 32
91 48
91 65
91 121
91 122
91 123
91 125
91 126
91 82
91 127
91 129
91 131
91 132
92 93
93 94
93 96
93 98
93 11
93 100
93 68
93 102
93 104
93 106
93 33
93 51
93 83
94 95
96 97
98 99
100 101
102 103
104 105
106 107
108 106
108 109
109 107
110 93
111 93
112 94
112 113
113 95
114 96
114 115
115 97
116 93
117 93
118 98
118 119
119 99
120 93
121 93
122 93
123 104
123 124
124 105
125 93
126 93
127 100
127 128
128 101
129 102
129 130
130 103
131 93
132 93
133 91
134 135
134 118
135 119
136 114
136 137
137 115
138 91
139 91
140 91
141 123
141 142
142 124
143 91
144 91
145 91
146 91
147 91
148 127
148 149
149 128
150 151
150 129
151 130
152 91
153 91
154 108
154 155
155 109
156 157
156 112
157 113
158 89
159 160
159 156
160 157
161 136
161 162
162 137
163 89
164 89
165 89
166 89
167 89
168 89
169 141
169 170
170 142
171 89
172 89
173 174
173 134
174 135
175 148
175 176
176 149
177 178
177 150
178 151
179 89
180 154
180 181
181 155
182 89
183 184
183 173
184 174
185 161
185 186
186 162
187 79
188 79
189 190
189 159
190 160
191 79
192 79
193 80
193 194
194 87
195 79
196 175
196 197
197 176
198 79
199 79
200 201
200 177
201 178
202 169
202 203
203 170
204 79
205 79
206 79
207 180
207 208
208 181
209 79
210 77
211 77
212 193
212 213
213 194
214 77
215 202
215 216
216 203
217 77
218 77
219 77
220 196
220 221
221 197
222 223
222 200
223 201
224 77
225 226
225 189
226 190
227 77
228 207
228 229
229 208
230 77
231 77
232 185
232 233
233 186
234 77
235 236
235 183
236 184
237 75
238 75
239 75
240 75
241 212
241 242
242 213
243 75
244 75
245 75
246 232
246 247
247 233
248 75
249 250
249 222
250 223
251 75
252 228
252 253
253 229
254 220
254 255
255 221
256 75
257 225
257 258
258 226
259 260
259 235
260 236
261 215
261 262
262 216
263 75
264 254
264 265
265 255
266 59
267 261
267 268
268 262
269 59
270 59
271 60
271 272
272 73
273 274
273 249
274 250
275 59
276 241
276 277
277 242
278 59
279 252
279 280
280 253
281 59
282 59
283 246
283 284
284 247
285 59
286 59
287 288
287 259
288 260
289 59
290 257
290 291
291 258
292 59
293 25
294 25
295 267
295 296
296 268
297 276
297 298
298 277
299 25
300 25
301 264
301 302
302 265
303 271
303 304
304 272
305 25
306 273
306 307
307 274
308 25
309 290
309 310
310 291
311 25
312 279
312 313
313 280
314 25
315 283
315 316
316 284
317 25
318 319
318 287
319 288
320 25
321 42
321 322
322 57
323 25
324 26
324 325
325 41
326 301
326 327
327 302
328 295
328 329
329 296
330 23
331 309
331 332
332 310
333 23
334 23
335 303
335 336
336 304
337 306
337 338
338 307
339 315
339 340
340 316
341 23
342 324
342 343
343 325
344 23
345 312
345 346
346 313
347 23
348 23
349 350
349 318
350 319
351 23
352 297
352 353
353 298
354 23
355 356
355 321
356 322
357 23
358 23
359 1
360 1
361 1
362 1
363 1
364 1
365 1
366 1
367 1
368 1
369 1
370 1
370 371
371 372
371 23
372 25
372 373
373 374
373 59
374 75
374 375
375 376
375 77
376 79
376 377
377 378
377 89
378 91
378 379
379 93
