0 1 1
1 2 1
2 3 1
2 1256 1
2 1257 1
2 1258 1
2 1259 1
2 1260 1
2 1261 1
2 1262 1
2 1263 1
2 1264 1
2 1265 1
2 1266 1
2 1267 1
2 1268 1
2 1269 1
2 1270 1
2 1271 1
2 1272 1
2 1273 1
2 1274 1
2 1275 1
2 1276 1
2 1277 1
2 1278 1
2 1279 1
2 1280 1
2 1281 1
2 1282 1
2 1283 1
2 1284 1
2 1285 1
2 1286 1
2 1287 1
2 1288 1
2 1289 1
2 1290 1
2 1291 1
2 1292 1
2 1293 1
2 1294 1
3 4 1
4 5 1
4 7 1
4 1218 1
4 1219 1
4 1220 1
4 1221 1
4 1222 1
4 1223 1
4 1224 1
4 1225 1
4 1226 1
4 1227 1
4 1228 1
4 1229 1
4 1230 1
4 1231 1
4 1232 1
4 1233 1
4 1234 1
4 1235 1
4 1236 1
4 1237 1
4 1238 1
4 1239 1
4 1240 1
4 1241 1
4 1242 1
4 1243 1
4 1244 1
4 1245 1
4 1246 1
4 1247 1
4 1248 1
4 1249 1
4 1250 1
4 1251 1
4 1252 1
4 1253 1
4 1254 1
4 1255 1
5 6 1
7 8 1
8 9 1
8 10 1
8 11 1
8 12 1
8 1182 1
8 1183 1
8 1184 1
8 1185 1
8 1186 1
8 1187 1
8 1188 1
8 1189 1
8 1190 1
8 1191 1
8 1192 1
8 1193 1
8 1194 1
8 1195 1
8 1196 1
8 1197 1
8 1198 1
8 1199 1
8 1200 1
8 1201 1
8 1202 1
8 1203 1
8 1204 1
8 1205 1
8 1206 1
8 1207 1
8 1208 1
8 1209 1
8 1210 1
8 1211 1
8 1212 1
8 1213 1
8 1214 1
8 1215 1
8 1216 1
8 1217 1
9 6 1
10 6 1
11 6 1
12 13 1
13 14 1
13 15 1
13 16 1
13 17 1
13 18 1
13 1147 1
13 1148 1
13 1149 1
13 1150 1
13 1151 1
13 1152 1
13 1153 1
13 1154 1
13 1155 1
13 1156 1
13 1157 1
13 1158 1
13 1159 1
13 1160 1
13 1161 1
13 1162 1
13 1163 1
13 1164 1
13 1165 1
13 1166 1
13 1167 1
13 1168 1
13 1169 1
13 1170 1
13 1171 1
13 1172 1
13 1173 1
13 1174 1
13 1175 1
13 1176 1
13 1177 1
13 1178 1
13 1179 1
13 1180 1
13 1181 1
14 6 1
15 6 1
16 6 1
17 6 1
18 19 1
19 20 1
19 21 1
19 22 1
19 23 1
19 24 1
19 25 1
19 26 1
19 1114 1
19 1115 1
19 1116 1
19 1117 1
19 1118 1
19 1119 1
19 1120 1
19 1121 1
19 1122 1
19 1123 1
19 1124 1
19 1125 1
19 1126 1
19 1127 1
19 1128 1
19 1129 1
19 1130 1
19 1131 1
19 1132 1
19 1133 1
19 1134 1
19 1135 1
19 1136 1
19 1137 1
19 1138 1
19 1139 1
19 1140 1
19 1141 1
19 1142 1
19 1143 1
19 1144 1
19 1145 1
19 1146 1
20 6 1
21 6 1
22 6 1
23 6 1
24 6 1
25 6 1
26 27 1
27 28 1
27 29 1
27 30 1
27 31 1
27 32 1
27 33 1
27 34 1
27 35 1
27 36 1
27 37 1
27 1084 1
27 1085 1
27 1086 1
27 1087 1
27 1088 1
27 1089 1
27 1090 1
27 1091 1
27 1092 1
27 1093 1
27 1094 1
27 1095 1
27 1096 1
27 1097 1
27 1098 1
27 1099 1
27 1100 1
27 1101 1
27 1102 1
27 1103 1
27 1104 1
27 1105 1
27 1106 1
27 1107 1
27 1108 1
27 1109 1
27 1110 1
27 1111 1
27 1112 1
27 1113 1
28 6 1
29 6 1
30 6 1
31 6 1
32 6 1
33 6 1
34 6 1
35 6 1
36 6 1
37 38 1
38 39 1
38 40 1
38 41 1
38 42 1
38 43 1
38 44 1
38 45 1
38 46 1
38 47 1
38 48 1
38 49 1
38 50 1
38 1056 1
38 1057 1
38 1058 1
38 1059 1
38 1060 1
38 1061 1
38 1062 1
38 1063 1
38 1064 1
38 1065 1
38 1066 1
38 1067 1
38 1068 1
38 1069 1
38 1070 1
38 1071 1
38 1072 1
38 1073 1
38 1074 1
38 1075 1
38 1076 1
38 1077 1
38 1078 1
38 1079 1
38 1080 1
38 1081 1
38 1082 1
38 1083 1
39 6 1
40 6 1
41 6 1
42 6 1
43 6 1
44 6 1
45 6 1
46 6 1
47 6 1
48 6 1
49 6 1
50 51 1
51 52 1
51 1017 1
51 1018 1
51 1019 1
51 1020 1
51 1021 1
51 1022 1
51 1023 1
51 1024 1
51 1025 1
51 1026 1
51 1027 1
51 1028 1
51 1029 1
51 1030 1
51 1031 1
51 1032 1
51 1033 1
51 1034 1
51 1035 1
51 1036 1
51 1037 1
51 1038 1
51 1039 1
51 1040 1
51 1041 1
51 1042 1
51 1043 1
51 1044 1
51 1045 1
51 1046 1
51 1047 1
51 1048 1
51 1049 1
51 1050 1
51 1051 1
51 1052 1
51 1053 1
51 1054 1
51 1055 1
52 53 1
53 54 1
53 55 1
53 979 1
53 980 1
53 981 1
53 982 1
53 983 1
53 984 1
53 985 1
53 986 1
53 987 1
53 988 1
53 989 1
53 990 1
53 991 1
53 992 1
53 993 1
53 994 1
53 995 1
53 996 1
53 997 1
53 998 1
53 999 1
53 1000 1
53 1001 1
53 1002 1
53 1003 1
53 1004 1
53 1005 1
53 1006 1
53 1007 1
53 1008 1
53 1009 1
53 1010 1
53 1011 1
53 1012 1
53 1013 1
53 1014 1
53 1015 1
53 1016 1
54 6 1
55 56 1
56 57 1
56 940 1
56 941 1
56 942 1
56 943 1
56 944 1
56 945 1
56 946 1
56 947 1
56 948 1
56 949 1
56 950 1
56 951 1
56 952 1
56 953 1
56 954 1
56 955 1
56 956 1
56 957 1
56 958 1
56 959 1
56 960 1
56 961 1
56 962 1
56 963 1
56 964 1
56 965 1
56 966 1
56 967 1
56 968 1
56 969 1
56 970 1
56 971 1
56 972 1
56 973 1
56 974 1
56 975 1
56 976 1
56 977 1
56 978 1
57 58 1
58 59 1
58 60 1
58 902 1
58 903 1
58 904 1
58 905 1
58 906 1
58 907 1
58 908 1
58 909 1
58 910 1
58 911 1
58 912 1
58 913 1
58 914 1
58 915 1
58 916 1
58 917 1
58 918 1
58 919 1
58 920 1
58 921 1
58 922 1
58 923 1
58 924 1
58 925 1
58 926 1
58 927 1
58 928 1
58 929 1
58 930 1
58 931 1
58 932 1
58 933 1
58 934 1
58 935 1
58 936 1
58 937 1
58 938 1
58 939 1
59 6 1
60 61 1
61 62 1
61 63 1
61 864 1
61 865 1
61 866 1
61 867 1
61 868 1
61 869 1
61 870 1
61 871 1
61 872 1
61 873 1
61 874 1
61 875 1
61 876 1
61 877 1
61 878 1
61 879 1
61 880 1
61 881 1
61 882 1
61 883 1
61 884 1
61 885 1
61 886 1
61 887 1
61 888 1
61 889 1
61 890 1
61 891 1
61 892 1
61 893 1
61 894 1
61 895 1
61 896 1
61 897 1
61 898 1
61 899 1
61 900 1
61 901 1
62 6 1
63 64 1
64 65 1
64 66 1
64 826 1
64 827 1
64 828 1
64 829 1
64 830 1
64 831 1
64 832 1
64 833 1
64 834 1
64 835 1
64 836 1
64 837 1
64 838 1
64 839 1
64 840 1
64 841 1
64 842 1
64 843 1
64 844 1
64 845 1
64 846 1
64 847 1
64 848 1
64 849 1
64 850 1
64 851 1
64 852 1
64 853 1
64 854 1
64 855 1
64 856 1
64 857 1
64 858 1
64 859 1
64 860 1
64 861 1
64 862 1
64 863 1
65 6 1
66 67 1
67 68 1
67 69 1
67 788 1
67 789 1
67 790 1
67 791 1
67 792 1
67 793 1
67 794 1
67 795 1
67 796 1
67 797 1
67 798 1
67 799 1
67 800 1
67 801 1
67 802 1
67 803 1
67 804 1
67 805 1
67 806 1
67 807 1
67 808 1
67 809 1
67 810 1
67 811 1
67 812 1
67 813 1
67 814 1
67 815 1
67 816 1
67 817 1
67 818 1
67 819 1
67 820 1
67 821 1
67 822 1
67 823 1
67 824 1
67 825 1
68 6 1
69 70 1
70 71 1
70 72 1
70 750 1
70 751 1
70 752 1
70 753 1
70 754 1
70 755 1
70 756 1
70 757 1
70 758 1
70 759 1
70 760 1
70 761 1
70 762 1
70 763 1
70 764 1
70 765 1
70 766 1
70 767 1
70 768 1
70 769 1
70 770 1
70 771 1
70 772 1
70 773 1
70 774 1
70 775 1
70 776 1
70 777 1
70 778 1
70 779 1
70 780 1
70 781 1
70 782 1
70 783 1
70 784 1
70 785 1
70 786 1
70 787 1
71 6 1
72 73 1
73 74 1
73 75 1
73 712 1
73 713 1
73 714 1
73 715 1
73 716 1
73 717 1
73 718 1
73 719 1
73 720 1
73 721 1
73 722 1
73 723 1
73 724 1
73 725 1
73 726 1
73 727 1
73 728 1
73 729 1
73 730 1
73 731 1
73 732 1
73 733 1
73 734 1
73 735 1
73 736 1
73 737 1
73 738 1
73 739 1
73 740 1
73 741 1
73 742 1
73 743 1
73 744 1
73 745 1
73 746 1
73 747 1
73 748 1
73 749 1
74 6 1
75 76 1
76 77 1
76 673 1
76 674 1
76 675 1
76 676 1
76 677 1
76 678 1
76 679 1
76 680 1
76 681 1
76 682 1
76 683 1
76 684 1
76 685 1
76 686 1
76 687 1
76 688 1
76 689 1
76 690 1
76 691 1
76 692 1
76 693 1
76 694 1
76 695 1
76 696 1
76 697 1
76 698 1
76 699 1
76 700 1
76 701 1
76 702 1
76 703 1
76 704 1
76 705 1
76 706 1
76 707 1
76 708 1
76 709 1
76 710 1
76 711 1
77 78 1
78 79 1
78 80 1
78 81 1
78 82 1
78 637 1
78 638 1
78 639 1
78 640 1
78 641 1
78 642 1
78 643 1
78 644 1
78 645 1
78 646 1
78 647 1
78 648 1
78 649 1
78 650 1
78 651 1
78 652 1
78 653 1
78 654 1
78 655 1
78 656 1
78 657 1
78 658 1
78 659 1
78 660 1
78 661 1
78 662 1
78 663 1
78 664 1
78 665 1
78 666 1
78 667 1
78 668 1
78 669 1
78 670 1
78 671 1
78 672 1
79 6 1
80 6 1
81 6 1
82 83 1
83 84 1
83 85 1
83 86 1
83 87 1
83 88 1
83 89 1
83 603 1
83 604 1
83 605 1
83 606 1
83 607 1
83 608 1
83 609 1
83 610 1
83 611 1
83 612 1
83 613 1
83 614 1
83 615 1
83 616 1
83 617 1
83 618 1
83 619 1
83 620 1
83 621 1
83 622 1
83 623 1
83 624 1
83 625 1
83 626 1
83 627 1
83 628 1
83 629 1
83 630 1
83 631 1
83 632 1
83 633 1
83 634 1
83 635 1
83 636 1
84 6 1
85 6 1
86 6 1
87 6 1
88 6 1
89 90 1
90 91 1
90 92 1
90 93 1
90 94 1
90 95 1
90 96 1
90 97 1
90 570 1
90 571 1
90 572 1
90 573 1
90 574 1
90 575 1
90 576 1
90 577 1
90 578 1
90 579 1
90 580 1
90 581 1
90 582 1
90 583 1
90 584 1
90 585 1
90 586 1
90 587 1
90 588 1
90 589 1
90 590 1
90 591 1
90 592 1
90 593 1
90 594 1
90 595 1
90 596 1
90 597 1
90 598 1
90 599 1
90 600 1
90 601 1
90 602 1
91 6 1
92 6 1
93 6 1
94 6 1
95 6 1
96 6 1
97 98 1
98 99 1
98 100 1
98 101 1
98 102 1
98 103 1
98 104 1
98 536 1
98 537 1
98 538 1
98 539 1
98 540 1
98 541 1
98 542 1
98 543 1
98 544 1
98 545 1
98 546 1
98 547 1
98 548 1
98 549 1
98 550 1
98 551 1
98 552 1
98 553 1
98 554 1
98 555 1
98 556 1
98 557 1
98 558 1
98 559 1
98 560 1
98 561 1
98 562 1
98 563 1
98 564 1
98 565 1
98 566 1
98 567 1
98 568 1
98 569 1
99 6 1
100 6 1
101 6 1
102 6 1
103 6 1
104 105 1
105 106 1
105 107 1
105 108 1
105 109 1
105 110 1
105 111 1
105 112 1
105 113 1
105 114 1
105 115 1
105 116 1
105 117 1
105 508 1
105 509 1
105 510 1
105 511 1
105 512 1
105 513 1
105 514 1
105 515 1
105 516 1
105 517 1
105 518 1
105 519 1
105 520 1
105 521 1
105 522 1
105 523 1
105 524 1
105 525 1
105 526 1
105 527 1
105 528 1
105 529 1
105 530 1
105 531 1
105 532 1
105 533 1
105 534 1
105 535 1
106 6 1
107 6 1
108 6 1
109 6 1
110 6 1
111 6 1
112 6 1
113 6 1
114 6 1
115 6 1
116 6 1
117 118 1
118 119 1
118 120 1
118 121 1
118 122 1
118 123 1
118 124 1
118 125 1
118 126 1
118 127 1
118 128 1
118 129 1
118 130 1
118 131 1
118 481 1
118 482 1
118 483 1
118 484 1
118 485 1
118 486 1
118 487 1
118 488 1
118 489 1
118 490 1
118 491 1
118 492 1
118 493 1
118 494 1
118 495 1
118 496 1
118 497 1
118 498 1
118 499 1
118 500 1
118 501 1
118 502 1
118 503 1
118 504 1
118 505 1
118 506 1
118 507 1
119 6 1
120 6 1
121 6 1
122 6 1
123 6 1
124 6 1
125 6 1
126 6 1
127 6 1
128 6 1
129 6 1
130 6 1
131 132 1
132 133 1
132 442 1
132 443 1
132 444 1
132 445 1
132 446 1
132 447 1
132 448 1
132 449 1
132 450 1
132 451 1
132 452 1
132 453 1
132 454 1
132 455 1
132 456 1
132 457 1
132 458 1
132 459 1
132 460 1
132 461 1
132 462 1
132 463 1
132 464 1
132 465 1
132 466 1
132 467 1
132 468 1
132 469 1
132 470 1
132 471 1
132 472 1
132 473 1
132 474 1
132 475 1
132 476 1
132 477 1
132 478 1
132 479 1
132 480 1
133 134 1
134 135 1
134 403 1
134 404 1
134 405 1
134 406 1
134 407 1
134 408 1
134 409 1
134 410 1
134 411 1
134 412 1
134 413 1
134 414 1
134 415 1
134 416 1
134 417 1
134 418 1
134 419 1
134 420 1
134 421 1
134 422 1
134 423 1
134 424 1
134 425 1
134 426 1
134 427 1
134 428 1
134 429 1
134 430 1
134 431 1
134 432 1
134 433 1
134 434 1
134 435 1
134 436 1
134 437 1
134 438 1
134 439 1
134 440 1
134 441 1
135 136 1
136 137 1
136 364 1
136 365 1
136 366 1
136 367 1
136 368 1
136 369 1
136 370 1
136 371 1
136 372 1
136 373 1
136 374 1
136 375 1
136 376 1
136 377 1
136 378 1
136 379 1
136 380 1
136 381 1
136 382 1
136 383 1
136 384 1
136 385 1
136 386 1
136 387 1
136 388 1
136 389 1
136 390 1
136 391 1
136 392 1
136 393 1
136 394 1
136 395 1
136 396 1
136 397 1
136 398 1
136 399 1
136 400 1
136 401 1
136 402 1
137 138 1
138 139 1
138 325 1
138 326 1
138 327 1
138 328 1
138 329 1
138 330 1
138 331 1
138 332 1
138 333 1
138 334 1
138 335 1
138 336 1
138 337 1
138 338 1
138 339 1
138 340 1
138 341 1
138 342 1
138 343 1
138 344 1
138 345 1
138 346 1
138 347 1
138 348 1
138 349 1
138 350 1
138 351 1
138 352 1
138 353 1
138 354 1
138 355 1
138 356 1
138 357 1
138 358 1
138 359 1
138 360 1
138 361 1
138 362 1
138 363 1
139 140 1
140 141 1
140 286 1
140 287 1
140 288 1
140 289 1
140 290 1
140 291 1
140 292 1
140 293 1
140 294 1
140 295 1
140 296 1
140 297 1
140 298 1
140 299 1
140 300 1
140 301 1
140 302 1
140 303 1
140 304 1
140 305 1
140 306 1
140 307 1
140 308 1
140 309 1
140 310 1
140 311 1
140 312 1
140 313 1
140 314 1
140 315 1
140 316 1
140 317 1
140 318 1
140 319 1
140 320 1
140 321 1
140 322 1
140 323 1
140 324 1
141 142 1
142 143 1
142 247 1
142 248 1
142 249 1
142 250 1
142 251 1
142 252 1
142 253 1
142 254 1
142 255 1
142 256 1
142 257 1
142 258 1
142 259 1
142 260 1
142 261 1
142 262 1
142 263 1
142 264 1
142 265 1
142 266 1
142 267 1
142 268 1
142 269 1
142 270 1
142 271 1
142 272 1
142 273 1
142 274 1
142 275 1
142 276 1
142 277 1
142 278 1
142 279 1
142 280 1
142 281 1
142 282 1
142 283 1
142 284 1
142 285 1
143 144 1
144 145 1
144 208 1
144 209 1
144 210 1
144 211 1
144 212 1
144 213 1
144 214 1
144 215 1
144 216 1
144 217 1
144 218 1
144 219 1
144 220 1
144 221 1
144 222 1
144 223 1
144 224 1
144 225 1
144 226 1
144 227 1
144 228 1
144 229 1
144 230 1
144 231 1
144 232 1
144 233 1
144 234 1
144 235 1
144 236 1
144 237 1
144 238 1
144 239 1
144 240 1
144 241 1
144 242 1
144 243 1
144 244 1
144 245 1
144 246 1
145 146 1
146 147 1
146 169 1
146 170 1
146 171 1
146 172 1
146 173 1
146 174 1
146 175 1
146 176 1
146 177 1
146 178 1
146 179 1
146 180 1
146 181 1
146 182 1
146 183 1
146 184 1
146 185 1
146 186 1
146 187 1
146 188 1
146 189 1
146 190 1
146 191 1
146 192 1
146 193 1
146 194 1
146 195 1
146 196 1
146 197 1
146 198 1
146 199 1
146 200 1
146 201 1
146 202 1
146 203 1
146 204 1
146 205 1
146 206 1
146 207 1
147 148 1
148 149 1
148 150 1
148 151 1
148 152 1
148 153 1
148 154 1
148 155 1
148 156 1
148 157 1
148 158 1
148 159 1
148 160 1
148 161 1
148 162 1
148 163 1
148 164 1
148 165 1
148 166 1
148 167 1
148 168 1
149 6 1
150 6 1
151 6 1
152 6 1
153 6 1
154 6 1
155 6 1
156 6 1
157 6 1
158 6 1
159 6 1
160 6 1
161 6 1
162 6 1
163 6 1
164 6 1
165 6 1
166 6 1
167 6 1
168 6 1
169 148 1
170 6 1
171 148 1
172 6 1
173 6 1
174 148 1
175 148 1
176 6 1
177 148 1
178 148 1
179 148 1
180 6 1
181 6 1
182 148 1
183 6 1
184 148 1
185 148 1
186 6 1
187 148 1
188 148 1
189 148 1
190 148 1
191 6 1
192 6 1
193 6 1
194 6 1
195 6 1
196 148 1
197 6 1
198 6 1
199 6 1
200 6 1
201 148 1
202 6 1
203 148 1
204 6 1
205 6 1
206 148 1
207 148 1
208 146 1
209 146 1
210 146 1
211 6 1
212 146 1
213 146 1
214 6 1
215 6 1
216 146 1
217 146 1
218 6 1
219 146 1
220 146 1
221 6 1
222 146 1
223 6 1
224 6 1
225 146 1
226 146 1
227 146 1
228 6 1
229 6 1
230 6 1
231 6 1
232 6 1
233 6 1
234 6 1
235 6 1
236 6 1
237 6 1
238 146 1
239 146 1
240 6 1
241 146 1
242 146 1
243 146 1
244 6 1
245 146 1
246 6 1
247 6 1
248 6 1
249 144 1
250 144 1
251 6 1
252 144 1
253 144 1
254 144 1
255 144 1
256 144 1
257 6 1
258 144 1
259 144 1
260 144 1
261 144 1
262 6 1
263 6 1
264 6 1
265 6 1
266 6 1
267 6 1
268 6 1
269 6 1
270 6 1
271 6 1
272 6 1
273 6 1
274 6 1
275 144 1
276 144 1
277 6 1
278 144 1
279 144 1
280 144 1
281 144 1
282 6 1
283 144 1
284 144 1
285 6 1
286 142 1
287 6 1
288 142 1
289 6 1
290 142 1
291 142 1
292 142 1
293 142 1
294 142 1
295 142 1
296 142 1
297 142 1
298 6 1
299 6 1
300 6 1
301 6 1
302 6 1
303 6 1
304 6 1
305 6 1
306 6 1
307 6 1
308 6 1
309 6 1
310 142 1
311 6 1
312 6 1
313 142 1
314 6 1
315 142 1
316 6 1
317 142 1
318 142 1
319 6 1
320 142 1
321 142 1
322 6 1
323 142 1
324 142 1
325 6 1
326 140 1
327 140 1
328 140 1
329 6 1
330 140 1
331 6 1
332 140 1
333 6 1
334 140 1
335 140 1
336 6 1
337 6 1
338 6 1
339 6 1
340 6 1
341 6 1
342 6 1
343 6 1
344 6 1
345 6 1
346 140 1
347 140 1
348 140 1
349 140 1
350 140 1
351 6 1
352 140 1
353 140 1
354 6 1
355 140 1
356 6 1
357 140 1
358 6 1
359 140 1
360 140 1
361 6 1
362 140 1
363 6 1
364 138 1
365 138 1
366 138 1
367 6 1
368 138 1
369 138 1
370 6 1
371 6 1
372 6 1
373 6 1
374 6 1
375 6 1
376 6 1
377 6 1
378 6 1
379 138 1
380 6 1
381 6 1
382 138 1
383 138 1
384 138 1
385 138 1
386 6 1
387 138 1
388 138 1
389 138 1
390 138 1
391 6 1
392 138 1
393 138 1
394 6 1
395 138 1
396 6 1
397 6 1
398 6 1
399 6 1
400 138 1
401 138 1
402 6 1
403 136 1
404 6 1
405 136 1
406 136 1
407 6 1
408 6 1
409 6 1
410 6 1
411 6 1
412 6 1
413 6 1
414 6 1
415 136 1
416 6 1
417 6 1
418 6 1
419 6 1
420 136 1
421 136 1
422 136 1
423 136 1
424 6 1
425 136 1
426 6 1
427 136 1
428 136 1
429 136 1
430 6 1
431 136 1
432 136 1
433 136 1
434 136 1
435 6 1
436 136 1
437 6 1
438 6 1
439 136 1
440 6 1
441 136 1
442 6 1
443 134 1
444 6 1
445 6 1
446 6 1
447 134 1
448 6 1
449 6 1
450 6 1
451 6 1
452 6 1
453 6 1
454 6 1
455 6 1
456 134 1
457 134 1
458 134 1
459 6 1
460 6 1
461 134 1
462 6 1
463 134 1
464 134 1
465 134 1
466 134 1
467 134 1
468 134 1
469 6 1
470 134 1
471 134 1
472 134 1
473 6 1
474 6 1
475 134 1
476 134 1
477 134 1
478 6 1
479 134 1
480 6 1
481 132 1
482 6 1
483 132 1
484 132 1
485 132 1
486 132 1
487 6 1
488 132 1
489 6 1
490 132 1
491 132 1
492 132 1
493 6 1
494 132 1
495 132 1
496 132 1
497 132 1
498 6 1
499 132 1
500 6 1
501 132 1
502 132 1
503 132 1
504 6 1
505 132 1
506 132 1
507 6 1
508 118 1
509 6 1
510 6 1
511 118 1
512 118 1
513 118 1
514 118 1
515 6 1
516 118 1
517 118 1
518 118 1
519 118 1
520 6 1
521 118 1
522 6 1
523 118 1
524 6 1
525 118 1
526 118 1
527 6 1
528 118 1
529 118 1
530 6 1
531 118 1
532 118 1
533 118 1
534 118 1
535 6 1
536 105 1
537 6 1
538 105 1
539 105 1
540 105 1
541 6 1
542 105 1
543 6 1
544 105 1
545 6 1
546 6 1
547 105 1
548 105 1
549 105 1
550 105 1
551 105 1
552 6 1
553 105 1
554 6 1
555 105 1
556 105 1
557 6 1
558 105 1
559 6 1
560 6 1
561 105 1
562 6 1
563 105 1
564 105 1
565 105 1
566 6 1
567 6 1
568 6 1
569 6 1
570 98 1
571 6 1
572 6 1
573 98 1
574 98 1
575 6 1
576 98 1
577 98 1
578 98 1
579 98 1
580 98 1
581 6 1
582 6 1
583 6 1
584 98 1
585 98 1
586 98 1
587 6 1
588 98 1
589 98 1
590 98 1
591 98 1
592 98 1
593 98 1
594 6 1
595 98 1
596 6 1
597 6 1
598 98 1
599 6 1
600 6 1
601 6 1
602 6 1
603 90 1
604 6 1
605 90 1
606 6 1
607 90 1
608 6 1
609 90 1
610 90 1
611 6 1
612 90 1
613 90 1
614 6 1
615 90 1
616 6 1
617 90 1
618 90 1
619 90 1
620 90 1
621 6 1
622 90 1
623 90 1
624 90 1
625 6 1
626 90 1
627 90 1
628 90 1
629 90 1
630 6 1
631 6 1
632 6 1
633 6 1
634 6 1
635 6 1
636 6 1
637 83 1
638 6 1
639 83 1
640 83 1
641 6 1
642 83 1
643 83 1
644 83 1
645 83 1
646 6 1
647 83 1
648 83 1
649 6 1
650 83 1
651 6 1
652 83 1
653 6 1
654 83 1
655 83 1
656 83 1
657 83 1
658 83 1
659 6 1
660 83 1
661 6 1
662 6 1
663 83 1
664 83 1
665 6 1
666 6 1
667 6 1
668 6 1
669 6 1
670 6 1
671 6 1
672 6 1
673 78 1
674 78 1
675 6 1
676 6 1
677 78 1
678 78 1
679 6 1
680 78 1
681 78 1
682 6 1
683 78 1
684 78 1
685 78 1
686 78 1
687 78 1
688 78 1
689 6 1
690 6 1
691 78 1
692 6 1
693 78 1
694 78 1
695 78 1
696 6 1
697 78 1
698 78 1
699 6 1
700 6 1
701 6 1
702 6 1
703 6 1
704 6 1
705 6 1
706 6 1
707 6 1
708 6 1
709 78 1
710 6 1
711 6 1
712 6 1
713 76 1
714 76 1
715 76 1
716 76 1
717 6 1
718 76 1
719 76 1
720 6 1
721 6 1
722 76 1
723 76 1
724 6 1
725 76 1
726 6 1
727 6 1
728 76 1
729 76 1
730 76 1
731 76 1
732 6 1
733 6 1
734 76 1
735 6 1
736 76 1
737 6 1
738 6 1
739 6 1
740 6 1
741 6 1
742 6 1
743 6 1
744 6 1
745 6 1
746 76 1
747 76 1
748 76 1
749 76 1
750 73 1
751 6 1
752 73 1
753 6 1
754 73 1
755 73 1
756 6 1
757 73 1
758 6 1
759 73 1
760 6 1
761 73 1
762 73 1
763 6 1
764 73 1
765 73 1
766 73 1
767 73 1
768 73 1
769 73 1
770 6 1
771 6 1
772 6 1
773 6 1
774 6 1
775 6 1
776 6 1
777 6 1
778 6 1
779 6 1
780 6 1
781 73 1
782 6 1
783 6 1
784 73 1
785 73 1
786 73 1
787 73 1
788 70 1
789 70 1
790 6 1
791 70 1
792 6 1
793 70 1
794 70 1
795 70 1
796 70 1
797 70 1
798 6 1
799 6 1
800 70 1
801 70 1
802 70 1
803 70 1
804 6 1
805 6 1
806 6 1
807 6 1
808 6 1
809 6 1
810 6 1
811 6 1
812 6 1
813 6 1
814 6 1
815 70 1
816 70 1
817 6 1
818 70 1
819 6 1
820 70 1
821 70 1
822 6 1
823 70 1
824 70 1
825 6 1
826 67 1
827 67 1
828 6 1
829 67 1
830 67 1
831 67 1
832 6 1
833 67 1
834 6 1
835 67 1
836 67 1
837 67 1
838 67 1
839 6 1
840 6 1
841 6 1
842 6 1
843 6 1
844 6 1
845 6 1
846 6 1
847 6 1
848 6 1
849 6 1
850 6 1
851 6 1
852 67 1
853 67 1
854 67 1
855 6 1
856 67 1
857 67 1
858 67 1
859 6 1
860 67 1
861 6 1
862 67 1
863 67 1
864 6 1
865 64 1
866 64 1
867 64 1
868 64 1
869 64 1
870 6 1
871 64 1
872 64 1
873 6 1
874 64 1
875 6 1
876 6 1
877 6 1
878 6 1
879 6 1
880 6 1
881 6 1
882 6 1
883 6 1
884 6 1
885 64 1
886 64 1
887 64 1
888 6 1
889 6 1
890 6 1
891 64 1
892 6 1
893 64 1
894 64 1
895 64 1
896 6 1
897 64 1
898 64 1
899 64 1
900 6 1
901 64 1
902 61 1
903 61 1
904 6 1
905 6 1
906 61 1
907 6 1
908 61 1
909 61 1
910 6 1
911 6 1
912 6 1
913 6 1
914 6 1
915 6 1
916 6 1
917 6 1
918 6 1
919 6 1
920 6 1
921 61 1
922 61 1
923 61 1
924 6 1
925 61 1
926 61 1
927 61 1
928 61 1
929 6 1
930 6 1
931 61 1
932 6 1
933 61 1
934 6 1
935 61 1
936 61 1
937 61 1
938 61 1
939 61 1
940 6 1
941 58 1
942 6 1
943 58 1
944 6 1
945 6 1
946 58 1
947 6 1
948 6 1
949 6 1
950 6 1
951 6 1
952 6 1
953 6 1
954 6 1
955 6 1
956 6 1
957 6 1
958 58 1
959 58 1
960 58 1
961 58 1
962 58 1
963 6 1
964 58 1
965 58 1
966 58 1
967 58 1
968 58 1
969 58 1
970 58 1
971 6 1
972 6 1
973 58 1
974 6 1
975 58 1
976 6 1
977 58 1
978 58 1
979 6 1
980 56 1
981 6 1
982 6 1
983 6 1
984 6 1
985 6 1
986 6 1
987 6 1
988 6 1
989 6 1
990 6 1
991 6 1
992 56 1
993 6 1
994 56 1
995 56 1
996 56 1
997 56 1
998 56 1
999 56 1
1000 56 1
1001 56 1
1002 56 1
1003 6 1
1004 56 1
1005 56 1
1006 56 1
1007 56 1
1008 6 1
1009 56 1
1010 56 1
1011 6 1
1012 6 1
1013 6 1
1014 56 1
1015 6 1
1016 56 1
1017 6 1
1018 6 1
1019 6 1
1020 6 1
1021 6 1
1022 6 1
1023 6 1
1024 6 1
1025 6 1
1026 6 1
1027 6 1
1028 6 1
1029 6 1
1030 53 1
1031 53 1
1032 53 1
1033 6 1
1034 53 1
1035 53 1
1036 6 1
1037 53 1
1038 53 1
1039 53 1
1040 53 1
1041 6 1
1042 53 1
1043 6 1
1044 53 1
1045 53 1
1046 53 1
1047 6 1
1048 53 1
1049 53 1
1050 53 1
1051 53 1
1052 6 1
1053 53 1
1054 53 1
1055 6 1
1056 51 1
1057 51 1
1058 6 1
1059 51 1
1060 51 1
1061 6 1
1062 51 1
1063 51 1
1064 6 1
1065 51 1
1066 51 1
1067 51 1
1068 51 1
1069 6 1
1070 51 1
1071 51 1
1072 6 1
1073 51 1
1074 51 1
1075 51 1
1076 51 1
1077 6 1
1078 51 1
1079 6 1
1080 51 1
1081 51 1
1082 6 1
1083 6 1
1084 6 1
1085 38 1
1086 6 1
1087 38 1
1088 6 1
1089 38 1
1090 38 1
1091 38 1
1092 38 1
1093 6 1
1094 38 1
1095 6 1
1096 38 1
1097 38 1
1098 38 1
1099 6 1
1100 38 1
1101 38 1
1102 38 1
1103 38 1
1104 6 1
1105 38 1
1106 38 1
1107 6 1
1108 38 1
1109 38 1
1110 38 1
1111 6 1
1112 6 1
1113 6 1
1114 6 1
1115 27 1
1116 27 1
1117 27 1
1118 6 1
1119 27 1
1120 6 1
1121 27 1
1122 27 1
1123 6 1
1124 27 1
1125 27 1
1126 27 1
1127 27 1
1128 6 1
1129 27 1
1130 6 1
1131 6 1
1132 27 1
1133 27 1
1134 27 1
1135 6 1
1136 27 1
1137 27 1
1138 6 1
1139 27 1
1140 27 1
1141 6 1
1142 27 1
1143 6 1
1144 6 1
1145 6 1
1146 6 1
1147 6 1
1148 19 1
1149 19 1
1150 19 1
1151 19 1
1152 6 1
1153 19 1
1154 6 1
1155 19 1
1156 19 1
1157 19 1
1158 6 1
1159 19 1
1160 19 1
1161 19 1
1162 19 1
1163 19 1
1164 19 1
1165 19 1
1166 6 1
1167 19 1
1168 19 1
1169 19 1
1170 6 1
1171 19 1
1172 6 1
1173 6 1
1174 6 1
1175 6 1
1176 6 1
1177 6 1
1178 6 1
1179 6 1
1180 6 1
1181 6 1
1182 13 1
1183 13 1
1184 6 1
1185 6 1
1186 13 1
1187 13 1
1188 6 1
1189 13 1
1190 13 1
1191 13 1
1192 13 1
1193 6 1
1194 13 1
1195 13 1
1196 13 1
1197 6 1
1198 13 1
1199 6 1
1200 13 1
1201 13 1
1202 13 1
1203 6 1
1204 13 1
1205 6 1
1206 13 1
1207 13 1
1208 6 1
1209 13 1
1210 6 1
1211 6 1
1212 6 1
1213 6 1
1214 6 1
1215 6 1
1216 6 1
1217 6 1
1218 8 1
1219 8 1
1220 6 1
1221 6 1
1222 8 1
1223 8 1
1224 8 1
1225 8 1
1226 6 1
1227 8 1
1228 6 1
1229 8 1
1230 6 1
1231 6 1
1232 8 1
1233 8 1
1234 8 1
1235 8 1
1236 6 1
1237 8 1
1238 8 1
1239 8 1
1240 8 1
1241 6 1
1242 8 1
1243 6 1
1244 8 1
1245 8 1
1246 6 1
1247 6 1
1248 6 1
1249 6 1
1250 6 1
1251 6 1
1252 6 1
1253 6 1
1254 6 1
1255 6 1
1256 4 1
1257 6 1
1258 4 1
1259 6 1
1260 6 1
1261 4 1
1262 6 1
1263 4 1
1264 4 1
1265 6 1
1266 4 1
1267 4 1
1268 4 1
1269 4 1
1270 6 1
1271 4 1
1272 4 1
1273 4 1
1274 6 1
1275 4 1
1276 6 1
1277 6 1
1278 4 1
1279 4 1
1280 6 1
1281 4 1
1282 4 1
1283 4 1
1284 6 1
1285 6 1
1286 6 1
1287 6 1
1288 6 1
1289 6 1
1290 6 1
1291 6 1
1292 6 1
1293 6 1
1294 4 1
1295 1296 1
1296 2 1
1297 1298 1
1298 2 1
1299 1300 1
1300 2 1
1301 1302 1
1302 2 1
1303 1304 1
1304 2 1
1305 1306 1
1306 2 1
1307 1308 1
1308 2 1
1309 1310 1
1310 2 1
1311 1312 1
1312 2 1
1313 1314 1
1314 2 1
1315 1316 1
1316 2 1
1317 1318 1
1318 2 1
1319 1320 1
1320 2 1
1321 1322 1
1322 2 1
1323 1324 1
1324 2 1
1325 1326 1
1326 2 1
1327 1328 1
1328 2 1
1329 1330 1
1330 2 1
1331 1332 1
1332 2 1
1333 1334 1
1333 2 1
1334 1335 1
1334 4 1
1335 1336 1
1335 8 1
1336 1337 1
1336 13 1
1337 1338 1
1337 19 1
1338 1339 1
1338 27 1
1339 1340 1
1339 38 1
1340 1341 1
1340 51 1
1341 1342 1
1341 53 1
1342 1343 1
1342 56 1
1343 1344 1
1343 58 1
1344 1345 1
1344 61 1
1345 1346 1
1345 64 1
1346 1347 1
1346 67 1
1347 1348 1
1347 70 1
1348 1349 1
1348 73 1
1349 76 1
1349 1350 1
1350 1351 1
1350 78 1
1351 83 1
1351 1352 1
1352 1353 1
1352 90 1
1353 98 1
1353 1354 1
1354 1355 1
1354 105 1
1355 118 1
1355 1356 1
1356 1357 1
1356 132 1
1357 134 1
1357 1358 1
1358 1359 1
1358 136 1
1359 138 1
1359 1360 1
1360 1361 1
1360 140 1
1361 142 1
1361 1362 1
1362 1363 1
1362 144 1
1363 146 1
1363 1364 1
1364 148 1
50 1056 10
1056 1057 10
1057 1059 10
1059 1060 10
1060 1062 10
1062 1063 10
1063 1065 10
1065 1066 10
1066 1067 10
1067 1068 10
1068 1070 10
1070 1071 10
1071 1073 10
1073 1074 10
1074 1075 10
1240 1242 10
1242 1244 10
1244 1245 10
97 570 10
570 573 10
573 574 10
574 576 10
576 577 10
577 579 10
579 580 10
580 592 10
592 584 10
584 585 10
585 586 10
586 588 10
588 589 10
589 590 10
590 591 10
1 1296 10
1296 1298 10
1298 1300 10
1300 1302 10
1302 1304 10
1304 1306 10
1306 1308 10
1308 1310 10
1310 1312 10
1312 1314 10
1314 1316 10
1316 1318 10
1318 1320 10
1320 1322 10
1322 1324 10
593 578 10
578 595 10
595 598 10
382 383 10
383 384 10
384 385 10
385 387 10
387 388 10
388 389 10
389 390 10
390 392 10
392 393 10
393 395 10
395 379 10
379 400 10
400 401 10
401 137 10
137 364 10
1016 55 10
55 980 10
980 998 10
958 959 10
959 960 10
960 961 10
961 962 10
962 964 10
964 965 10
965 966 10
966 967 10
967 969 10
969 970 10
970 973 10
973 975 10
975 977 10
977 978 10
978 57 10
89 603 10
603 605 10
605 607 10
607 609 10
609 610 10
610 612 10
612 613 10
613 615 10
615 619 10
619 617 10
617 618 10
618 620 10
620 622 10
622 623 10
623 624 10
456 457 10
457 458 10
458 461 10
461 463 10
463 464 10
464 465 10
465 466 10
466 467 10
467 468 10
468 470 10
470 471 10
471 472 10
472 447 10
447 475 10
475 476 10
709 77 10
77 673 10
673 674 10
674 677 10
677 678 10
678 680 10
680 681 10
681 683 10
683 684 10
684 685 10
685 686 10
686 687 10
687 688 10
688 691 10
691 693 10
941 943 10
943 968 10
968 946 10
941 943 10
943 968 10
968 946 10
18 1148 10
1148 1149 10
1149 1150 10
1150 1151 10
1151 1153 10
1153 1155 10
1155 1156 10
1156 1157 10
1157 1159 10
1159 1160 10
1160 1161 10
1161 1162 10
1162 1164 10
1164 1165 10
1165 1167 10
1 1296 10
1296 1298 10
1298 1300 10
1300 1302 10
1302 1304 10
1304 1306 10
1306 1308 10
1308 1310 10
1310 1312 10
1312 1314 10
1314 1316 10
1316 1318 10
1318 1320 10
1320 1322 10
1322 1324 10
626 627 10
627 628 10
628 629 10
187 188 10
188 189 10
189 190 10
330 332 10
332 334 10
334 335 10
766 767 10
767 768 10
768 769 10
37 1085 10
1085 1087 10
1087 1089 10
1089 1090 10
1090 1091 10
1091 1092 10
1092 1094 10
1094 1096 10
1096 1097 10
1097 1098 10
1098 1100 10
1100 1101 10
1101 1102 10
1102 1103 10
1103 1105 10
89 603 10
603 605 10
605 607 10
607 609 10
609 610 10
610 612 10
612 613 10
613 615 10
615 619 10
619 617 10
617 618 10
618 620 10
620 622 10
622 623 10
623 624 10
746 748 10
748 749 10
749 75 10
75 713 10
713 714 10
714 715 10
715 716 10
716 718 10
718 719 10
719 722 10
722 723 10
723 747 10
747 725 10
725 728 10
728 729 10
815 816 10
816 818 10
818 820 10
820 821 10
821 823 10
823 824 10
824 69 10
69 788 10
788 789 10
789 791 10
791 793 10
793 794 10
794 795 10
795 796 10
796 797 10
658 660 10
660 663 10
663 664 10
382 383 10
383 384 10
384 385 10
385 387 10
387 388 10
388 389 10
389 390 10
390 392 10
392 393 10
393 395 10
395 379 10
379 400 10
400 401 10
401 137 10
137 364 10
709 77 10
77 673 10
673 674 10
674 677 10
677 678 10
678 680 10
680 681 10
681 683 10
683 684 10
684 685 10
685 686 10
686 687 10
687 688 10
688 691 10
691 693 10
1168 1169 10
1169 1171 10
1171 1163 10
1294 3 10
3 1256 10
1256 1258 10
1258 1261 10
1261 1263 10
1263 1264 10
1264 1266 10
1266 1267 10
1267 1268 10
1268 1269 10
1269 1271 10
1271 1272 10
1272 1273 10
1273 1275 10
1275 1278 10
275 276 10
276 278 10
278 279 10
279 280 10
280 281 10
281 283 10
283 284 10
284 143 10
143 256 10
256 249 10
249 250 10
250 252 10
252 253 10
253 254 10
254 255 10
885 886 10
886 887 10
887 891 10
891 893 10
893 894 10
894 895 10
895 897 10
897 898 10
898 899 10
899 901 10
901 63 10
63 865 10
865 866 10
866 867 10
867 868 10
1016 55 10
55 980 10
980 998 10
258 259 10
259 260 10
260 261 10
135 403 10
403 405 10
405 406 10
222 225 10
225 226 10
226 227 10
531 532 10
532 533 10
533 534 10
766 767 10
767 768 10
768 769 10
1168 1169 10
1169 1171 10
1171 1163 10
730 731 10
731 734 10
734 736 10
135 403 10
403 405 10
405 406 10
258 259 10
259 260 10
260 261 10
26 1115 10
1115 1116 10
1116 1117 10
1117 1119 10
1119 1121 10
1121 1122 10
1122 1124 10
1124 1125 10
1125 1126 10
1126 1127 10
1127 1129 10
1129 1132 10
1132 1133 10
1133 1134 10
1134 1136 10
1051 1053 10
1053 1054 10
1054 52 10
852 853 10
853 854 10
854 856 10
856 857 10
857 858 10
858 860 10
860 862 10
862 863 10
863 66 10
66 826 10
826 827 10
827 829 10
829 830 10
830 831 10
831 833 10
1326 1328 10
1328 1330 10
1330 1332 10
293 310 10
310 313 10
313 315 10
315 317 10
317 318 10
318 320 10
320 321 10
321 323 10
323 324 10
324 141 10
141 286 10
286 288 10
288 290 10
290 291 10
291 292 10
294 295 10
295 296 10
296 297 10
1279 1281 10
1281 1282 10
1282 1283 10
869 871 10
871 872 10
872 874 10
50 1056 10
1056 1057 10
1057 1059 10
1059 1060 10
1060 1062 10
1062 1063 10
1063 1065 10
1065 1066 10
1066 1067 10
1067 1068 10
1068 1070 10
1070 1071 10
1071 1073 10
1073 1074 10
1074 1075 10
921 922 10
922 923 10
923 925 10
925 926 10
926 927 10
927 928 10
928 931 10
931 933 10
933 935 10
935 936 10
936 937 10
937 938 10
938 60 10
60 902 10
902 903 10
477 479 10
479 133 10
133 443 10
12 1182 10
1182 1183 10
1183 1186 10
1186 1187 10
1187 1189 10
1189 1190 10
1190 1191 10
1191 1192 10
1192 1194 10
1194 1195 10
1195 1196 10
1196 1198 10
1198 1200 10
1200 1201 10
1201 1202 10
626 627 10
627 628 10
628 629 10
82 637 10
637 639 10
639 640 10
640 642 10
642 643 10
643 644 10
644 645 10
645 647 10
647 648 10
648 650 10
650 652 10
652 654 10
654 655 10
655 656 10
656 657 10
1030 1031 10
1031 1032 10
1032 1034 10
1034 1035 10
1035 1037 10
1037 1038 10
1038 1039 10
1039 1040 10
1040 1042 10
1042 1044 10
1044 1045 10
1045 1046 10
1046 1048 10
1048 1049 10
1049 1050 10
1137 1139 10
1139 1140 10
1140 1142 10
37 1085 10
1085 1087 10
1087 1089 10
1089 1090 10
1090 1091 10
1091 1092 10
1092 1094 10
1094 1096 10
1096 1097 10
1097 1098 10
1098 1100 10
1100 1101 10
1101 1102 10
1102 1103 10
1103 1105 10
104 536 10
536 538 10
538 539 10
539 540 10
540 542 10
542 544 10
544 565 10
565 547 10
547 548 10
548 550 10
550 551 10
551 553 10
553 555 10
555 556 10
556 558 10
294 295 10
295 296 10
296 297 10
549 561 10
561 563 10
563 564 10
835 836 10
836 837 10
837 838 10
26 1115 10
1115 1116 10
1116 1117 10
1117 1119 10
1119 1121 10
1121 1122 10
1122 1124 10
1124 1125 10
1125 1126 10
1126 1127 10
1127 1129 10
1129 1132 10
1132 1133 10
1133 1134 10
1134 1136 10
131 481 10
481 483 10
483 484 10
484 485 10
485 486 10
486 488 10
488 490 10
490 491 10
491 492 10
492 494 10
494 495 10
495 496 10
496 497 10
497 499 10
499 501 10
7 1218 10
1218 1219 10
1219 1222 10
1222 1223 10
1223 1224 10
1224 1225 10
1225 1227 10
1227 1229 10
1229 1232 10
1232 1233 10
1233 1234 10
1234 1235 10
1235 1237 10
1237 1238 10
1238 1239 10
293 310 10
310 313 10
313 315 10
315 317 10
317 318 10
318 320 10
320 321 10
321 323 10
323 324 10
324 141 10
141 286 10
286 288 10
288 290 10
290 291 10
291 292 10
781 784 10
784 785 10
785 786 10
786 787 10
787 72 10
72 750 10
750 752 10
752 754 10
754 755 10
755 757 10
757 759 10
759 761 10
761 762 10
762 764 10
764 765 10
201 203 10
203 206 10
206 207 10
207 147 10
147 169 10
169 171 10
171 196 10
196 174 10
174 175 10
175 177 10
177 178 10
178 179 10
179 182 10
182 184 10
184 185 10
97 570 10
570 573 10
573 574 10
574 576 10
576 577 10
577 579 10
579 580 10
580 592 10
592 584 10
584 585 10
585 586 10
586 588 10
588 589 10
589 590 10
590 591 10
502 503 10
503 505 10
505 506 10
658 660 10
660 663 10
663 664 10
852 853 10
853 854 10
854 856 10
856 857 10
857 858 10
858 860 10
860 862 10
862 863 10
863 66 10
66 826 10
826 827 10
827 829 10
829 830 10
830 831 10
831 833 10
800 801 10
801 802 10
802 803 10
238 239 10
239 241 10
241 242 10
242 243 10
243 245 10
245 145 10
145 208 10
208 209 10
209 210 10
210 212 10
212 213 10
213 216 10
216 217 10
217 219 10
219 220 10
7 1218 10
1218 1219 10
1219 1222 10
1222 1223 10
1223 1224 10
1224 1225 10
1225 1227 10
1227 1229 10
1229 1232 10
1232 1233 10
1233 1234 10
1234 1235 10
1235 1237 10
1237 1238 10
1238 1239 10
835 836 10
836 837 10
837 838 10
12 1182 10
1182 1183 10
1183 1186 10
1186 1187 10
1187 1189 10
1189 1190 10
1190 1191 10
1191 1192 10
1192 1194 10
1194 1195 10
1195 1196 10
1196 1198 10
1198 1200 10
1200 1201 10
1201 1202 10
131 481 10
481 483 10
483 484 10
484 485 10
485 486 10
486 488 10
488 490 10
490 491 10
491 492 10
492 494 10
494 495 10
495 496 10
496 497 10
497 499 10
499 501 10
346 347 10
347 349 10
349 350 10
350 352 10
352 353 10
353 355 10
355 357 10
357 359 10
359 360 10
360 348 10
348 362 10
362 139 10
139 326 10
326 327 10
327 328 10
275 276 10
276 278 10
278 279 10
279 280 10
280 281 10
281 283 10
283 284 10
284 143 10
143 256 10
256 249 10
249 250 10
250 252 10
252 253 10
253 254 10
254 255 10
420 421 10
421 422 10
422 423 10
423 425 10
425 427 10
427 428 10
428 429 10
429 431 10
431 432 10
432 433 10
433 434 10
434 415 10
415 436 10
436 439 10
439 441 10
1326 1328 10
1328 1330 10
1330 1332 10
502 503 10
503 505 10
505 506 10
992 994 10
994 995 10
995 996 10
996 997 10
997 999 10
999 1000 10
1000 1001 10
1001 1002 10
1002 1004 10
1004 1005 10
1005 1006 10
1006 1007 10
1007 1009 10
1009 1010 10
1010 1014 10
593 578 10
578 595 10
595 598 10
1204 1206 10
1206 1207 10
1207 1209 10
1030 1031 10
1031 1032 10
1032 1034 10
1034 1035 10
1035 1037 10
1037 1038 10
1038 1039 10
1039 1040 10
1040 1042 10
1042 1044 10
1044 1045 10
1045 1046 10
1046 1048 10
1048 1049 10
1049 1050 10
906 939 10
939 908 10
908 909 10
365 366 10
366 368 10
368 369 10
1204 1206 10
1206 1207 10
1207 1209 10
187 188 10
188 189 10
189 190 10
117 508 10
508 511 10
511 512 10
512 513 10
513 514 10
514 516 10
516 517 10
517 518 10
518 519 10
519 521 10
521 523 10
523 525 10
525 526 10
526 528 10
528 529 10
694 695 10
695 697 10
697 698 10
815 816 10
816 818 10
818 820 10
820 821 10
821 823 10
823 824 10
824 69 10
69 788 10
788 789 10
789 791 10
791 793 10
793 794 10
794 795 10
795 796 10
796 797 10
477 479 10
479 133 10
133 443 10
781 784 10
784 785 10
785 786 10
786 787 10
787 72 10
72 750 10
750 752 10
752 754 10
754 755 10
755 757 10
757 759 10
759 761 10
761 762 10
762 764 10
764 765 10
921 922 10
922 923 10
923 925 10
925 926 10
926 927 10
927 928 10
928 931 10
931 933 10
933 935 10
935 936 10
936 937 10
937 938 10
938 60 10
60 902 10
902 903 10
117 508 10
508 511 10
511 512 10
512 513 10
513 514 10
514 516 10
516 517 10
517 518 10
518 519 10
519 521 10
521 523 10
523 525 10
525 526 10
526 528 10
528 529 10
730 731 10
731 734 10
734 736 10
531 532 10
532 533 10
533 534 10
222 225 10
225 226 10
226 227 10
1294 3 10
3 1256 10
1256 1258 10
1258 1261 10
1261 1263 10
1263 1264 10
1264 1266 10
1266 1267 10
1267 1268 10
1268 1269 10
1269 1271 10
1271 1272 10
1272 1273 10
1273 1275 10
1275 1278 10
1240 1242 10
1242 1244 10
1244 1245 10
456 457 10
457 458 10
458 461 10
461 463 10
463 464 10
464 465 10
465 466 10
466 467 10
467 468 10
468 470 10
470 471 10
471 472 10
472 447 10
447 475 10
475 476 10
18 1148 10
1148 1149 10
1149 1150 10
1150 1151 10
1151 1153 10
1153 1155 10
1155 1156 10
1156 1157 10
1157 1159 10
1159 1160 10
1160 1161 10
1161 1162 10
1162 1164 10
1164 1165 10
1165 1167 10
885 886 10
886 887 10
887 891 10
891 893 10
893 894 10
894 895 10
895 897 10
897 898 10
898 899 10
899 901 10
901 63 10
63 865 10
865 866 10
866 867 10
867 868 10
330 332 10
332 334 10
334 335 10
1106 1108 10
1108 1109 10
1109 1110 10
746 748 10
748 749 10
749 75 10
75 713 10
713 714 10
714 715 10
715 716 10
716 718 10
718 719 10
719 722 10
722 723 10
723 747 10
747 725 10
725 728 10
728 729 10
1279 1281 10
1281 1282 10
1282 1283 10
82 637 10
637 639 10
639 640 10
640 642 10
642 643 10
643 644 10
644 645 10
645 647 10
647 648 10
648 650 10
650 652 10
652 654 10
654 655 10
655 656 10
656 657 10
104 536 10
536 538 10
538 539 10
539 540 10
540 542 10
542 544 10
544 565 10
565 547 10
547 548 10
548 550 10
550 551 10
551 553 10
553 555 10
555 556 10
556 558 10
346 347 10
347 349 10
349 350 10
350 352 10
352 353 10
353 355 10
355 357 10
357 359 10
359 360 10
360 348 10
348 362 10
362 139 10
139 326 10
326 327 10
327 328 10
1076 1078 10
1078 1080 10
1080 1081 10
365 366 10
366 368 10
368 369 10
694 695 10
695 697 10
697 698 10
1106 1108 10
1108 1109 10
1109 1110 10
1076 1078 10
1078 1080 10
1080 1081 10
958 959 10
959 960 10
960 961 10
961 962 10
962 964 10
964 965 10
965 966 10
966 967 10
967 969 10
969 970 10
970 973 10
973 975 10
975 977 10
977 978 10
978 57 10
238 239 10
239 241 10
241 242 10
242 243 10
243 245 10
245 145 10
145 208 10
208 209 10
209 210 10
210 212 10
212 213 10
213 216 10
216 217 10
217 219 10
219 220 10
992 994 10
994 995 10
995 996 10
996 997 10
997 999 10
999 1000 10
1000 1001 10
1001 1002 10
1002 1004 10
1004 1005 10
1005 1006 10
1006 1007 10
1007 1009 10
1009 1010 10
1010 1014 10
1137 1139 10
1139 1140 10
1140 1142 10
420 421 10
421 422 10
422 423 10
423 425 10
425 427 10
427 428 10
428 429 10
429 431 10
431 432 10
432 433 10
433 434 10
434 415 10
415 436 10
436 439 10
439 441 10
549 561 10
561 563 10
563 564 10
1051 1053 10
1053 1054 10
1054 52 10
800 801 10
801 802 10
802 803 10
869 871 10
871 872 10
872 874 10
906 939 10
939 908 10
908 909 10
201 203 10
203 206 10
206 207 10
207 147 10
147 169 10
169 171 10
171 196 10
196 174 10
174 175 10
175 177 10
177 178 10
178 179 10
179 182 10
182 184 10
184 185 10
