0 1 1
1 2 1
2 3 1
2 1111 1
2 1118 1
2 1125 1
2 1132 1
2 1139 1
2 1146 1
2 1153 1
2 1160 1
2 1167 1
2 1174 1
2 1181 1
2 1188 1
2 1195 1
2 1202 1
2 1209 1
2 1216 1
2 1223 1
2 1230 1
2 1237 1
2 1244 1
2 1251 1
2 1258 1
2 1265 1
2 1272 1
2 1279 1
2 1286 1
2 1293 1
2 1300 1
2 1307 1
2 1314 1
2 1321 1
2 1328 1
2 1335 1
2 1342 1
2 1349 1
2 1356 1
2 1363 1
2 1370 1
2 1377 1
2 1384 1
2 1391 1
2 1398 1
2 1405 1
2 1412 1
2 1419 1
2 1426 1
2 1433 1
2 1440 1
2 1447 1
2 1454 1
2 1461 1
2 1468 1
2 1475 1
2 1482 1
2 1489 1
2 1496 1
2 1503 1
2 1510 1
2 1517 1
2 1524 1
2 1531 1
2 1538 1
2 1545 1
2 1552 1
2 1559 1
2 1566 1
2 1573 1
2 1580 1
2 1587 1
2 1594 1
2 1601 1
2 1608 1
2 1615 1
2 1622 1
2 1629 1
2 1636 1
2 1643 1
2 1650 1
2 1657 1
2 1664 1
2 1671 1
2 1678 1
2 1685 1
2 1692 1
2 1699 1
2 1706 1
2 1713 1
2 1720 1
2 1727 1
2 1734 1
2 1741 1
2 1748 1
2 1755 1
2 1762 1
2 1769 1
2 1776 1
2 1783 1
2 1790 1
2 1797 1
2 1804 1
2 1811 1
2 1818 1
2 1825 1
2 1832 1
2 1839 1
2 1846 1
2 1853 1
2 1860 1
2 1867 1
2 1874 1
2 1881 1
2 1888 1
2 1895 1
2 1902 1
2 1909 1
2 1916 1
2 1923 1
2 1930 1
2 1937 1
2 1944 1
2 1951 1
2 1958 1
2 1965 1
2 1972 1
2 1979 1
2 1986 1
2 1993 1
2 2000 1
2 2007 1
2 2014 1
2 2021 1
2 2028 1
2 2035 1
2 2042 1
2 2049 1
2 2056 1
2 2063 1
2 2070 1
2 2077 1
2 2084 1
2 2091 1
2 2098 1
2 2105 1
2 2112 1
2 2119 1
2 2126 1
2 2133 1
2 2140 1
2 2147 1
2 2154 1
2 2161 1
2 2168 1
2 2175 1
2 2182 1
2 2189 1
2 2196 1
2 2203 1
2 2210 1
2 2217 1
2 2224 1
2 2231 1
2 2238 1
2 2245 1
2 2252 1
2 2259 1
2 2266 1
2 2273 1
2 2280 1
2 2287 1
2 2294 1
2 2301 1
2 2308 1
2 2315 1
2 2322 1
2 2329 1
2 2336 1
2 2343 1
2 2350 1
2 2357 1
2 2364 1
2 2371 1
2 2378 1
2 2385 1
2 2392 1
2 2399 1
2 2406 1
2 2413 1
2 2420 1
2 2427 1
2 2434 1
2 2441 1
2 2448 1
2 2455 1
2 2462 1
2 2469 1
2 2476 1
2 2483 1
2 2490 1
2 2497 1
2 2504 1
2 2511 1
2 2518 1
2 2525 1
2 2532 1
2 2539 1
2 2546 1
2 2553 1
2 2560 1
2 2567 1
2 2574 1
2 2581 1
2 2588 1
2 2595 1
2 2602 1
2 2609 1
2 2616 1
2 2623 1
2 2630 1
2 2637 1
2 2644 1
2 2651 1
2 2658 1
2 2665 1
2 2672 1
2 2679 1
2 2686 1
2 2693 1
2 2700 1
2 2707 1
2 2714 1
2 2721 1
2 2728 1
2 2735 1
2 2742 1
2 2749 1
2 2756 1
2 2763 1
2 2770 1
2 2777 1
2 2784 1
2 2791 1
2 2798 1
2 2805 1
2 2812 1
2 2819 1
2 2826 1
2 2833 1
2 2840 1
2 2847 1
2 2854 1
2 2861 1
2 2868 1
2 2875 1
2 2882 1
2 2889 1
2 2896 1
2 2903 1
2 2910 1
2 2917 1
2 2924 1
2 2931 1
2 2938 1
2 2945 1
2 2952 1
2 2959 1
2 2966 1
2 2973 1
2 2980 1
2 2987 1
2 2994 1
2 3001 1
2 3008 1
2 3015 1
2 3022 1
2 3029 1
2 3036 1
2 3043 1
2 3050 1
2 3057 1
2 3064 1
2 3071 1
2 3078 1
2 3085 1
2 3092 1
2 3099 1
2 3106 1
2 3113 1
2 3120 1
2 3127 1
2 3134 1
2 3141 1
2 3148 1
2 3155 1
2 3162 1
2 3169 1
2 3176 1
2 3183 1
2 3190 1
2 3197 1
2 3204 1
2 3211 1
2 3218 1
2 3225 1
2 3232 1
2 3239 1
2 3246 1
2 3253 1
2 3260 1
2 3267 1
2 3274 1
2 3281 1
2 3288 1
2 3295 1
2 3302 1
2 3309 1
2 3316 1
2 3323 1
2 3330 1
2 3337 1
2 3344 1
2 3351 1
2 3358 1
2 3365 1
2 3372 1
2 3379 1
2 3386 1
2 3393 1
2 3400 1
2 3407 1
2 3414 1
2 3421 1
2 3428 1
2 3435 1
2 3442 1
2 3449 1
2 3456 1
2 3463 1
2 3470 1
2 3477 1
2 3484 1
2 3491 1
2 3498 1
2 3505 1
2 3512 1
2 3519 1
2 3526 1
2 3533 1
2 3540 1
2 3547 1
2 3554 1
2 3561 1
2 3568 1
2 3575 1
2 3582 1
2 3589 1
2 3596 1
2 3603 1
2 3610 1
2 3617 1
2 3624 1
2 3631 1
2 3638 1
2 3645 1
2 3652 1
2 3659 1
2 3666 1
2 3673 1
2 3680 1
2 3687 1
2 3694 1
2 3701 1
2 3708 1
2 3715 1
2 3722 1
2 3729 1
2 3736 1
2 3743 1
2 3750 1
2 3757 1
2 3764 1
2 3771 1
2 3778 1
2 3785 1
2 3792 1
2 3799 1
2 3806 1
2 3813 1
2 3820 1
2 3827 1
2 3834 1
2 3841 1
2 3848 1
2 3855 1
2 3862 1
2 3869 1
2 3876 1
2 3883 1
2 3890 1
2 3897 1
2 3904 1
2 3911 1
2 3918 1
2 3925 1
2 3932 1
2 3939 1
2 3946 1
2 3953 1
2 3960 1
2 3967 1
2 3974 1
2 3981 1
2 3988 1
2 3995 1
2 4002 1
2 4009 1
2 4016 1
2 4023 1
2 4030 1
2 4037 1
2 4044 1
2 4051 1
2 4058 1
2 4065 1
2 4072 1
2 4079 1
2 4086 1
2 4093 1
2 4100 1
2 4107 1
2 4114 1
2 4121 1
2 4128 1
2 4135 1
2 4142 1
2 4149 1
2 4156 1
2 4163 1
2 4170 1
2 4177 1
2 4184 1
2 4191 1
2 4198 1
2 4205 1
2 4212 1
2 4219 1
2 4226 1
2 4233 1
2 4240 1
2 4247 1
2 4254 1
2 4261 1
2 4268 1
2 4275 1
2 4282 1
2 4289 1
2 4296 1
2 4303 1
2 4310 1
2 4317 1
2 4324 1
2 4331 1
2 4338 1
2 4345 1
2 4352 1
2 4359 1
2 4366 1
2 4373 1
2 4380 1
2 4387 1
2 4394 1
2 4401 1
2 4408 1
2 4415 1
2 4422 1
2 4429 1
2 4436 1
2 4443 1
2 4450 1
2 4457 1
2 4464 1
2 4471 1
2 4478 1
2 4485 1
2 4492 1
2 4499 1
2 4506 1
2 4513 1
2 4520 1
2 4527 1
2 4534 1
2 4541 1
2 4548 1
2 4555 1
2 4562 1
2 4569 1
2 4576 1
2 4583 1
2 4590 1
2 4597 1
2 4604 1
2 4611 1
2 4618 1
2 4625 1
2 4632 1
2 4639 1
2 4646 1
2 4653 1
2 4660 1
2 4667 1
2 4674 1
2 4681 1
2 4688 1
2 4695 1
2 4702 1
2 4709 1
2 4716 1
2 4723 1
2 4730 1
2 4737 1
2 4744 1
2 4751 1
2 4758 1
2 4765 1
2 4772 1
2 4779 1
2 4786 1
2 4793 1
2 4800 1
2 4807 1
2 4814 1
2 4821 1
2 4828 1
2 4835 1
2 4842 1
2 4849 1
2 4856 1
2 4863 1
2 4870 1
2 4877 1
2 4884 1
2 4891 1
2 4898 1
2 4905 1
2 4912 1
2 4919 1
2 4926 1
2 4933 1
2 4940 1
2 4947 1
3 4 1
4 5 1
4 1110 1
5 6 1
6 7 1
7 8 1
8 9 1
9 10 1
9 12 1
9 14 1
9 16 1
9 18 1
9 20 1
9 22 1
9 24 1
9 26 1
9 28 1
9 30 1
9 32 1
9 34 1
9 36 1
9 38 1
9 40 1
9 42 1
9 44 1
9 46 1
9 48 1
9 50 1
9 52 1
9 54 1
9 56 1
9 58 1
9 60 1
9 62 1
9 64 1
9 66 1
9 68 1
9 70 1
9 72 1
9 74 1
9 76 1
9 78 1
9 80 1
9 82 1
9 84 1
9 86 1
9 88 1
9 90 1
9 92 1
9 94 1
9 96 1
9 98 1
9 100 1
9 102 1
9 104 1
9 106 1
9 108 1
9 110 1
9 112 1
9 114 1
9 116 1
9 118 1
9 120 1
9 122 1
9 124 1
9 126 1
9 128 1
9 130 1
9 132 1
9 134 1
9 136 1
9 138 1
9 140 1
9 142 1
9 144 1
9 146 1
9 148 1
9 150 1
9 152 1
9 154 1
9 156 1
9 158 1
9 160 1
9 162 1
9 164 1
9 166 1
9 168 1
9 170 1
9 172 1
9 174 1
9 176 1
9 178 1
9 180 1
9 182 1
9 184 1
9 186 1
9 188 1
9 190 1
9 192 1
9 194 1
9 196 1
9 198 1
9 200 1
9 202 1
9 204 1
9 206 1
9 208 1
9 210 1
9 212 1
9 214 1
9 216 1
9 218 1
9 220 1
9 222 1
9 224 1
9 226 1
9 228 1
9 230 1
9 232 1
9 234 1
9 236 1
9 238 1
9 240 1
9 242 1
9 244 1
9 246 1
9 248 1
9 250 1
9 252 1
9 254 1
9 256 1
9 258 1
9 260 1
9 262 1
9 264 1
9 266 1
9 268 1
9 270 1
9 272 1
9 274 1
9 276 1
9 278 1
9 280 1
9 282 1
9 284 1
9 286 1
9 288 1
9 290 1
9 292 1
9 294 1
9 296 1
9 298 1
9 300 1
9 302 1
9 304 1
9 306 1
9 308 1
9 310 1
9 312 1
9 314 1
9 316 1
9 318 1
9 320 1
9 322 1
9 324 1
9 326 1
9 328 1
9 330 1
9 332 1
9 334 1
9 336 1
9 338 1
9 340 1
9 342 1
9 344 1
9 346 1
9 348 1
9 350 1
9 352 1
9 354 1
9 356 1
9 358 1
9 360 1
9 362 1
9 364 1
9 366 1
9 368 1
9 370 1
9 372 1
9 374 1
9 376 1
9 378 1
9 380 1
9 382 1
9 384 1
9 386 1
9 388 1
9 390 1
9 392 1
9 394 1
9 396 1
9 398 1
9 400 1
9 402 1
9 404 1
9 406 1
9 408 1
9 410 1
9 412 1
9 414 1
9 416 1
9 418 1
9 420 1
9 422 1
9 424 1
9 426 1
9 428 1
9 430 1
9 432 1
9 434 1
9 436 1
9 438 1
9 440 1
9 442 1
9 444 1
9 446 1
9 448 1
9 450 1
9 452 1
9 454 1
9 456 1
9 458 1
9 460 1
9 462 1
9 464 1
9 466 1
9 468 1
9 470 1
9 472 1
9 474 1
9 476 1
9 478 1
9 480 1
9 482 1
9 484 1
9 486 1
9 488 1
9 490 1
9 492 1
9 494 1
9 496 1
9 498 1
9 500 1
9 502 1
9 504 1
9 506 1
9 508 1
9 510 1
9 512 1
9 514 1
9 516 1
9 518 1
9 520 1
9 522 1
9 524 1
9 526 1
9 528 1
9 530 1
9 532 1
9 534 1
9 536 1
9 538 1
9 540 1
9 542 1
9 544 1
9 546 1
9 548 1
9 550 1
9 552 1
9 554 1
9 556 1
9 558 1
9 560 1
9 562 1
9 564 1
9 566 1
9 568 1
9 570 1
9 572 1
9 574 1
9 576 1
9 578 1
9 580 1
9 582 1
9 584 1
9 586 1
9 588 1
9 590 1
9 592 1
9 594 1
9 596 1
9 598 1
9 600 1
9 602 1
9 604 1
9 606 1
9 608 1
9 610 1
9 612 1
9 614 1
9 616 1
9 618 1
9 620 1
9 622 1
9 624 1
9 626 1
9 628 1
9 630 1
9 632 1
9 634 1
9 636 1
9 638 1
9 640 1
9 642 1
9 644 1
9 646 1
9 648 1
9 650 1
9 652 1
9 654 1
9 656 1
9 658 1
9 660 1
9 662 1
9 664 1
9 666 1
9 668 1
9 670 1
9 672 1
9 674 1
9 676 1
9 678 1
9 680 1
9 682 1
9 684 1
9 686 1
9 688 1
9 690 1
9 692 1
9 694 1
9 696 1
9 698 1
9 700 1
9 702 1
9 704 1
9 706 1
9 708 1
9 710 1
9 712 1
9 714 1
9 716 1
9 718 1
9 720 1
9 722 1
9 724 1
9 726 1
9 728 1
9 730 1
9 732 1
9 734 1
9 736 1
9 738 1
9 740 1
9 742 1
9 744 1
9 746 1
9 748 1
9 750 1
9 752 1
9 754 1
9 756 1
9 758 1
9 760 1
9 762 1
9 764 1
9 766 1
9 768 1
9 770 1
9 772 1
9 774 1
9 776 1
9 778 1
9 780 1
9 782 1
9 784 1
9 786 1
9 788 1
9 790 1
9 792 1
9 794 1
9 796 1
9 798 1
9 800 1
9 802 1
9 804 1
9 806 1
9 808 1
9 810 1
9 812 1
9 814 1
9 816 1
9 818 1
9 820 1
9 822 1
9 824 1
9 826 1
9 828 1
9 830 1
9 832 1
9 834 1
9 836 1
9 838 1
9 840 1
9 842 1
9 844 1
9 846 1
9 848 1
9 850 1
9 852 1
9 854 1
9 856 1
9 858 1
9 860 1
9 862 1
9 864 1
9 866 1
9 868 1
9 870 1
9 872 1
9 874 1
9 876 1
9 878 1
9 880 1
9 882 1
9 884 1
9 886 1
9 888 1
9 890 1
9 892 1
9 894 1
9 896 1
9 898 1
9 900 1
9 902 1
9 904 1
9 906 1
9 908 1
9 910 1
9 912 1
9 914 1
9 916 1
9 918 1
9 920 1
9 922 1
9 924 1
9 926 1
9 928 1
9 930 1
9 932 1
9 934 1
9 936 1
9 938 1
9 940 1
9 942 1
9 944 1
9 946 1
9 948 1
9 950 1
9 952 1
9 954 1
9 956 1
9 958 1
9 960 1
9 962 1
9 964 1
9 966 1
9 968 1
9 970 1
9 972 1
9 974 1
9 976 1
9 978 1
9 980 1
9 982 1
9 984 1
9 986 1
9 988 1
9 990 1
9 992 1
9 994 1
9 996 1
9 998 1
9 1000 1
9 1002 1
9 1004 1
9 1006 1
9 1008 1
9 1010 1
9 1012 1
9 1014 1
9 1016 1
9 1018 1
9 1020 1
9 1022 1
9 1024 1
9 1026 1
9 1028 1
9 1030 1
9 1032 1
9 1034 1
9 1036 1
9 1038 1
9 1040 1
9 1042 1
9 1044 1
9 1046 1
9 1048 1
9 1050 1
9 1052 1
9 1054 1
9 1056 1
9 1058 1
9 1060 1
9 1062 1
9 1064 1
9 1066 1
9 1068 1
9 1070 1
9 1072 1
9 1074 1
9 1076 1
9 1078 1
9 1080 1
9 1082 1
9 1084 1
9 1086 1
9 1088 1
9 1090 1
9 1092 1
9 1094 1
9 1096 1
9 1098 1
9 1100 1
9 1102 1
9 1104 1
9 1106 1
9 1108 1
10 11 1
12 13 1
14 15 1
16 17 1
18 19 1
20 21 1
22 23 1
24 25 1
26 27 1
28 29 1
30 31 1
32 33 1
34 35 1
36 37 1
38 39 1
40 41 1
42 43 1
44 45 1
46 47 1
48 49 1
50 51 1
52 53 1
54 55 1
56 57 1
58 59 1
60 61 1
62 63 1
64 65 1
66 67 1
68 69 1
70 71 1
72 73 1
74 75 1
76 77 1
78 79 1
80 81 1
82 83 1
84 85 1
86 87 1
88 89 1
90 91 1
92 93 1
94 95 1
96 97 1
98 99 1
100 101 1
102 103 1
104 105 1
106 107 1
108 109 1
110 111 1
112 113 1
114 115 1
116 117 1
118 119 1
120 121 1
122 123 1
124 125 1
126 127 1
128 129 1
130 131 1
132 133 1
134 135 1
136 137 1
138 139 1
140 141 1
142 143 1
144 145 1
146 147 1
148 149 1
150 151 1
152 153 1
154 155 1
156 157 1
158 159 1
160 161 1
162 163 1
164 165 1
166 167 1
168 169 1
170 171 1
172 173 1
174 175 1
176 177 1
178 179 1
180 181 1
182 183 1
184 185 1
186 187 1
188 189 1
190 191 1
192 193 1
194 195 1
196 197 1
198 199 1
200 201 1
202 203 1
204 205 1
206 207 1
208 209 1
210 211 1
212 213 1
214 215 1
216 217 1
218 219 1
220 221 1
222 223 1
224 225 1
226 227 1
228 229 1
230 231 1
232 233 1
234 235 1
236 237 1
238 239 1
240 241 1
242 243 1
244 245 1
246 247 1
248 249 1
250 251 1
252 253 1
254 255 1
256 257 1
258 259 1
260 261 1
262 263 1
264 265 1
266 267 1
268 269 1
270 271 1
272 273 1
274 275 1
276 277 1
278 279 1
280 281 1
282 283 1
284 285 1
286 287 1
288 289 1
290 291 1
292 293 1
294 295 1
296 297 1
298 299 1
300 301 1
302 303 1
304 305 1
306 307 1
308 309 1
310 311 1
312 313 1
314 315 1
316 317 1
318 319 1
320 321 1
322 323 1
324 325 1
326 327 1
328 329 1
330 331 1
332 333 1
334 335 1
336 337 1
338 339 1
340 341 1
342 343 1
344 345 1
346 347 1
348 349 1
350 351 1
352 353 1
354 355 1
356 357 1
358 359 1
360 361 1
362 363 1
364 365 1
366 367 1
368 369 1
370 371 1
372 373 1
374 375 1
376 377 1
378 379 1
380 381 1
382 383 1
384 385 1
386 387 1
388 389 1
390 391 1
392 393 1
394 395 1
396 397 1
398 399 1
400 401 1
402 403 1
404 405 1
406 407 1
408 409 1
410 411 1
412 413 1
414 415 1
416 417 1
418 419 1
420 421 1
422 423 1
424 425 1
426 427 1
428 429 1
430 431 1
432 433 1
434 435 1
436 437 1
438 439 1
440 441 1
442 443 1
444 445 1
446 447 1
448 449 1
450 451 1
452 453 1
454 455 1
456 457 1
458 459 1
460 461 1
462 463 1
464 465 1
466 467 1
468 469 1
470 471 1
472 473 1
474 475 1
476 477 1
478 479 1
480 481 1
482 483 1
484 485 1
486 487 1
488 489 1
490 491 1
492 493 1
494 495 1
496 497 1
498 499 1
500 501 1
502 503 1
504 505 1
506 507 1
508 509 1
510 511 1
512 513 1
514 515 1
516 517 1
518 519 1
520 521 1
522 523 1
524 525 1
526 527 1
528 529 1
530 531 1
532 533 1
534 535 1
536 537 1
538 539 1
540 541 1
542 543 1
544 545 1
546 547 1
548 549 1
550 551 1
552 553 1
554 555 1
556 557 1
558 559 1
560 561 1
562 563 1
564 565 1
566 567 1
568 569 1
570 571 1
572 573 1
574 575 1
576 577 1
578 579 1
580 581 1
582 583 1
584 585 1
586 587 1
588 589 1
590 591 1
592 593 1
594 595 1
596 597 1
598 599 1
600 601 1
602 603 1
604 605 1
606 607 1
608 609 1
610 611 1
612 613 1
614 615 1
616 617 1
618 619 1
620 621 1
622 623 1
624 625 1
626 627 1
628 629 1
630 631 1
632 633 1
634 635 1
636 637 1
638 639 1
640 641 1
642 643 1
644 645 1
646 647 1
648 649 1
650 651 1
652 653 1
654 655 1
656 657 1
658 659 1
660 661 1
662 663 1
664 665 1
666 667 1
668 669 1
670 671 1
672 673 1
674 675 1
676 677 1
678 679 1
680 681 1
682 683 1
684 685 1
686 687 1
688 689 1
690 691 1
692 693 1
694 695 1
696 697 1
698 699 1
700 701 1
702 703 1
704 705 1
706 707 1
708 709 1
710 711 1
712 713 1
714 715 1
716 717 1
718 719 1
720 721 1
722 723 1
724 725 1
726 727 1
728 729 1
730 731 1
732 733 1
734 735 1
736 737 1
738 739 1
740 741 1
742 743 1
744 745 1
746 747 1
748 749 1
750 751 1
752 753 1
754 755 1
756 757 1
758 759 1
760 761 1
762 763 1
764 765 1
766 767 1
768 769 1
770 771 1
772 773 1
774 775 1
776 777 1
778 779 1
780 781 1
782 783 1
784 785 1
786 787 1
788 789 1
790 791 1
792 793 1
794 795 1
796 797 1
798 799 1
800 801 1
802 803 1
804 805 1
806 807 1
808 809 1
810 811 1
812 813 1
814 815 1
816 817 1
818 819 1
820 821 1
822 823 1
824 825 1
826 827 1
828 829 1
830 831 1
832 833 1
834 835 1
836 837 1
838 839 1
840 841 1
842 843 1
844 845 1
846 847 1
848 849 1
850 851 1
852 853 1
854 855 1
856 857 1
858 859 1
860 861 1
862 863 1
864 865 1
866 867 1
868 869 1
870 871 1
872 873 1
874 875 1
876 877 1
878 879 1
880 881 1
882 883 1
884 885 1
886 887 1
888 889 1
890 891 1
892 893 1
894 895 1
896 897 1
898 899 1
900 901 1
902 903 1
904 905 1
906 907 1
908 909 1
910 911 1
912 913 1
914 915 1
916 917 1
918 919 1
920 921 1
922 923 1
924 925 1
926 927 1
928 929 1
930 931 1
932 933 1
934 935 1
936 937 1
938 939 1
940 941 1
942 943 1
944 945 1
946 947 1
948 949 1
950 951 1
952 953 1
954 955 1
956 957 1
958 959 1
960 961 1
962 963 1
964 965 1
966 967 1
968 969 1
970 971 1
972 973 1
974 975 1
976 977 1
978 979 1
980 981 1
982 983 1
984 985 1
986 987 1
988 989 1
990 991 1
992 993 1
994 995 1
996 997 1
998 999 1
1000 1001 1
1002 1003 1
1004 1005 1
1006 1007 1
1008 1009 1
1010 1011 1
1012 1013 1
1014 1015 1
1016 1017 1
1018 1019 1
1020 1021 1
1022 1023 1
1024 1025 1
1026 1027 1
1028 1029 1
1030 1031 1
1032 1033 1
1034 1035 1
1036 1037 1
1038 1039 1
1040 1041 1
1042 1043 1
1044 1045 1
1046 1047 1
1048 1049 1
1050 1051 1
1052 1053 1
1054 1055 1
1056 1057 1
1058 1059 1
1060 1061 1
1062 1063 1
1064 1065 1
1066 1067 1
1068 1069 1
1070 1071 1
1072 1073 1
1074 1075 1
1076 1077 1
1078 1079 1
1080 1081 1
1082 1083 1
1084 1085 1
1086 1087 1
1088 1089 1
1090 1091 1
1092 1093 1
1094 1095 1
1096 1097 1
1098 1099 1
1100 1101 1
1102 1103 1
1104 1105 1
1106 1107 1
1108 1109 1
1110 6 1
1111 1112 1
1112 1113 1
1112 1117 1
1113 1114 1
1114 1115 1
1115 1116 1
1116 9 1
1117 1114 1
1118 1119 1
1119 1120 1
1119 1124 1
1120 1121 1
1121 1122 1
1122 1123 1
1123 9 1
1124 1121 1
1125 1126 1
1126 1127 1
1126 1131 1
1127 1128 1
1128 1129 1
1129 1130 1
1130 9 1
1131 1128 1
1132 1133 1
1133 1134 1
1133 1138 1
1134 1135 1
1135 1136 1
1136 1137 1
1137 9 1
1138 1135 1
1139 1140 1
1140 1141 1
1140 1145 1
1141 1142 1
1142 1143 1
1143 1144 1
1144 9 1
1145 1142 1
1146 1147 1
1147 1148 1
1147 1152 1
1148 1149 1
1149 1150 1
1150 1151 1
1151 9 1
1152 1149 1
1153 1154 1
1154 1155 1
1154 1159 1
1155 1156 1
1156 1157 1
1157 1158 1
1158 9 1
1159 1156 1
1160 1161 1
1161 1162 1
1161 1166 1
1162 1163 1
1163 1164 1
1164 1165 1
1165 9 1
1166 1163 1
1167 1168 1
1168 1169 1
1168 1173 1
1169 1170 1
1170 1171 1
1171 1172 1
1172 9 1
1173 1170 1
1174 1175 1
1175 1176 1
1175 1180 1
1176 1177 1
1177 1178 1
1178 1179 1
1179 9 1
1180 1177 1
1181 1182 1
1182 1183 1
1182 1187 1
1183 1184 1
1184 1185 1
1185 1186 1
1186 9 1
1187 1184 1
1188 1189 1
1189 1190 1
1189 1194 1
1190 1191 1
1191 1192 1
1192 1193 1
1193 9 1
1194 1191 1
1195 1196 1
1196 1197 1
1196 1201 1
1197 1198 1
1198 1199 1
1199 1200 1
1200 9 1
1201 1198 1
1202 1203 1
1203 1204 1
1203 1208 1
1204 1205 1
1205 1206 1
1206 1207 1
1207 9 1
1208 1205 1
1209 1210 1
1210 1211 1
1210 1215 1
1211 1212 1
1212 1213 1
1213 1214 1
1214 9 1
1215 1212 1
1216 1217 1
1217 1218 1
1217 1222 1
1218 1219 1
1219 1220 1
1220 1221 1
1221 9 1
1222 1219 1
1223 1224 1
1224 1225 1
1224 1229 1
1225 1226 1
1226 1227 1
1227 1228 1
1228 9 1
1229 1226 1
1230 1231 1
1231 1232 1
1231 1236 1
1232 1233 1
1233 1234 1
1234 1235 1
1235 9 1
1236 1233 1
1237 1238 1
1238 1239 1
1238 1243 1
1239 1240 1
1240 1241 1
1241 1242 1
1242 9 1
1243 1240 1
1244 1245 1
1245 1246 1
1245 1250 1
1246 1247 1
1247 1248 1
1248 1249 1
1249 9 1
1250 1247 1
1251 1252 1
1252 1253 1
1252 1257 1
1253 1254 1
1254 1255 1
1255 1256 1
1256 9 1
1257 1254 1
1258 1259 1
1259 1260 1
1259 1264 1
1260 1261 1
1261 1262 1
1262 1263 1
1263 9 1
1264 1261 1
1265 1266 1
1266 1267 1
1266 1271 1
1267 1268 1
1268 1269 1
1269 1270 1
1270 9 1
1271 1268 1
1272 1273 1
1273 1274 1
1273 1278 1
1274 1275 1
1275 1276 1
1276 1277 1
1277 9 1
1278 1275 1
1279 1280 1
1280 1281 1
1280 1285 1
1281 1282 1
1282 1283 1
1283 1284 1
1284 9 1
1285 1282 1
1286 1287 1
1287 1288 1
1287 1292 1
1288 1289 1
1289 1290 1
1290 1291 1
1291 9 1
1292 1289 1
1293 1294 1
1294 1295 1
1294 1299 1
1295 1296 1
1296 1297 1
1297 1298 1
1298 9 1
1299 1296 1
1300 1301 1
1301 1302 1
1301 1306 1
1302 1303 1
1303 1304 1
1304 1305 1
1305 9 1
1306 1303 1
1307 1308 1
1308 1309 1
1308 1313 1
1309 1310 1
1310 1311 1
1311 1312 1
1312 9 1
1313 1310 1
1314 1315 1
1315 1316 1
1315 1320 1
1316 1317 1
1317 1318 1
1318 1319 1
1319 9 1
1320 1317 1
1321 1322 1
1322 1323 1
1322 1327 1
1323 1324 1
1324 1325 1
1325 1326 1
1326 9 1
1327 1324 1
1328 1329 1
1329 1330 1
1329 1334 1
1330 1331 1
1331 1332 1
1332 1333 1
1333 9 1
1334 1331 1
1335 1336 1
1336 1337 1
1336 1341 1
1337 1338 1
1338 1339 1
1339 1340 1
1340 9 1
1341 1338 1
1342 1343 1
1343 1344 1
1343 1348 1
1344 1345 1
1345 1346 1
1346 1347 1
1347 9 1
1348 1345 1
1349 1350 1
1350 1351 1
1350 1355 1
1351 1352 1
1352 1353 1
1353 1354 1
1354 9 1
1355 1352 1
1356 1357 1
1357 1358 1
1357 1362 1
1358 1359 1
1359 1360 1
1360 1361 1
1361 9 1
1362 1359 1
1363 1364 1
1364 1365 1
1364 1369 1
1365 1366 1
1366 1367 1
1367 1368 1
1368 9 1
1369 1366 1
1370 1371 1
1371 1372 1
1371 1376 1
1372 1373 1
1373 1374 1
1374 1375 1
1375 9 1
1376 1373 1
1377 1378 1
1378 1379 1
1378 1383 1
1379 1380 1
1380 1381 1
1381 1382 1
1382 9 1
1383 1380 1
1384 1385 1
1385 1386 1
1385 1390 1
1386 1387 1
1387 1388 1
1388 1389 1
1389 9 1
1390 1387 1
1391 1392 1
1392 1393 1
1392 1397 1
1393 1394 1
1394 1395 1
1395 1396 1
1396 9 1
1397 1394 1
1398 1399 1
1399 1400 1
1399 1404 1
1400 1401 1
1401 1402 1
1402 1403 1
1403 9 1
1404 1401 1
1405 1406 1
1406 1407 1
1406 1411 1
1407 1408 1
1408 1409 1
1409 1410 1
1410 9 1
1411 1408 1
1412 1413 1
1413 1414 1
1413 1418 1
1414 1415 1
1415 1416 1
1416 1417 1
1417 9 1
1418 1415 1
1419 1420 1
1420 1421 1
1420 1425 1
1421 1422 1
1422 1423 1
1423 1424 1
1424 9 1
1425 1422 1
1426 1427 1
1427 1428 1
1427 1432 1
1428 1429 1
1429 1430 1
1430 1431 1
1431 9 1
1432 1429 1
1433 1434 1
1434 1435 1
1434 1439 1
1435 1436 1
1436 1437 1
1437 1438 1
1438 9 1
1439 1436 1
1440 1441 1
1441 1442 1
1441 1446 1
1442 1443 1
1443 1444 1
1444 1445 1
1445 9 1
1446 1443 1
1447 1448 1
1448 1449 1
1448 1453 1
1449 1450 1
1450 1451 1
1451 1452 1
1452 9 1
1453 1450 1
1454 1455 1
1455 1456 1
1455 1460 1
1456 1457 1
1457 1458 1
1458 1459 1
1459 9 1
1460 1457 1
1461 1462 1
1462 1463 1
1462 1467 1
1463 1464 1
1464 1465 1
1465 1466 1
1466 9 1
1467 1464 1
1468 1469 1
1469 1470 1
1469 1474 1
1470 1471 1
1471 1472 1
1472 1473 1
1473 9 1
1474 1471 1
1475 1476 1
1476 1477 1
1476 1481 1
1477 1478 1
1478 1479 1
1479 1480 1
1480 9 1
1481 1478 1
1482 1483 1
1483 1484 1
1483 1488 1
1484 1485 1
1485 1486 1
1486 1487 1
1487 9 1
1488 1485 1
1489 1490 1
1490 1491 1
1490 1495 1
1491 1492 1
1492 1493 1
1493 1494 1
1494 9 1
1495 1492 1
1496 1497 1
1497 1498 1
1497 1502 1
1498 1499 1
1499 1500 1
1500 1501 1
1501 9 1
1502 1499 1
1503 1504 1
1504 1505 1
1504 1509 1
1505 1506 1
1506 1507 1
1507 1508 1
1508 9 1
1509 1506 1
1510 1511 1
1511 1512 1
1511 1516 1
1512 1513 1
1513 1514 1
1514 1515 1
1515 9 1
1516 1513 1
1517 1518 1
1518 1519 1
1518 1523 1
1519 1520 1
1520 1521 1
1521 1522 1
1522 9 1
1523 1520 1
1524 1525 1
1525 1526 1
1525 1530 1
1526 1527 1
1527 1528 1
1528 1529 1
1529 9 1
1530 1527 1
1531 1532 1
1532 1533 1
1532 1537 1
1533 1534 1
1534 1535 1
1535 1536 1
1536 9 1
1537 1534 1
1538 1539 1
1539 1540 1
1539 1544 1
1540 1541 1
1541 1542 1
1542 1543 1
1543 9 1
1544 1541 1
1545 1546 1
1546 1547 1
1546 1551 1
1547 1548 1
1548 1549 1
1549 1550 1
1550 9 1
1551 1548 1
1552 1553 1
1553 1554 1
1553 1558 1
1554 1555 1
1555 1556 1
1556 1557 1
1557 9 1
1558 1555 1
1559 1560 1
1560 1561 1
1560 1565 1
1561 1562 1
1562 1563 1
1563 1564 1
1564 9 1
1565 1562 1
1566 1567 1
1567 1568 1
1567 1572 1
1568 1569 1
1569 1570 1
1570 1571 1
1571 9 1
1572 1569 1
1573 1574 1
1574 1575 1
1574 1579 1
1575 1576 1
1576 1577 1
1577 1578 1
1578 9 1
1579 1576 1
1580 1581 1
1581 1582 1
1581 1586 1
1582 1583 1
1583 1584 1
1584 1585 1
1585 9 1
1586 1583 1
1587 1588 1
1588 1589 1
1588 1593 1
1589 1590 1
1590 1591 1
1591 1592 1
1592 9 1
1593 1590 1
1594 1595 1
1595 1596 1
1595 1600 1
1596 1597 1
1597 1598 1
1598 1599 1
1599 9 1
1600 1597 1
1601 1602 1
1602 1603 1
1602 1607 1
1603 1604 1
1604 1605 1
1605 1606 1
1606 9 1
1607 1604 1
1608 1609 1
1609 1610 1
1609 1614 1
1610 1611 1
1611 1612 1
1612 1613 1
1613 9 1
1614 1611 1
1615 1616 1
1616 1617 1
1616 1621 1
1617 1618 1
1618 1619 1
1619 1620 1
1620 9 1
1621 1618 1
1622 1623 1
1623 1624 1
1623 1628 1
1624 1625 1
1625 1626 1
1626 1627 1
1627 9 1
1628 1625 1
1629 1630 1
1630 1631 1
1630 1635 1
1631 1632 1
1632 1633 1
1633 1634 1
1634 9 1
1635 1632 1
1636 1637 1
1637 1638 1
1637 1642 1
1638 1639 1
1639 1640 1
1640 1641 1
1641 9 1
1642 1639 1
1643 1644 1
1644 1645 1
1644 1649 1
1645 1646 1
1646 1647 1
1647 1648 1
1648 9 1
1649 1646 1
1650 1651 1
1651 1652 1
1651 1656 1
1652 1653 1
1653 1654 1
1654 1655 1
1655 9 1
1656 1653 1
1657 1658 1
1658 1659 1
1658 1663 1
1659 1660 1
1660 1661 1
1661 1662 1
1662 9 1
1663 1660 1
1664 1665 1
1665 1666 1
1665 1670 1
1666 1667 1
1667 1668 1
1668 1669 1
1669 9 1
1670 1667 1
1671 1672 1
1672 1673 1
1672 1677 1
1673 1674 1
1674 1675 1
1675 1676 1
1676 9 1
1677 1674 1
1678 1679 1
1679 1680 1
1679 1684 1
1680 1681 1
1681 1682 1
1682 1683 1
1683 9 1
1684 1681 1
1685 1686 1
1686 1687 1
1686 1691 1
1687 1688 1
1688 1689 1
1689 1690 1
1690 9 1
1691 1688 1
1692 1693 1
1693 1694 1
1693 1698 1
1694 1695 1
1695 1696 1
1696 1697 1
1697 9 1
1698 1695 1
1699 1700 1
1700 1701 1
1700 1705 1
1701 1702 1
1702 1703 1
1703 1704 1
1704 9 1
1705 1702 1
1706 1707 1
1707 1708 1
1707 1712 1
1708 1709 1
1709 1710 1
1710 1711 1
1711 9 1
1712 1709 1
1713 1714 1
1714 1715 1
1714 1719 1
1715 1716 1
1716 1717 1
1717 1718 1
1718 9 1
1719 1716 1
1720 1721 1
1721 1722 1
1721 1726 1
1722 1723 1
1723 1724 1
1724 1725 1
1725 9 1
1726 1723 1
1727 1728 1
1728 1729 1
1728 1733 1
1729 1730 1
1730 1731 1
1731 1732 1
1732 9 1
1733 1730 1
1734 1735 1
1735 1736 1
1735 1740 1
1736 1737 1
1737 1738 1
1738 1739 1
1739 9 1
1740 1737 1
1741 1742 1
1742 1743 1
1742 1747 1
1743 1744 1
1744 1745 1
1745 1746 1
1746 9 1
1747 1744 1
1748 1749 1
1749 1750 1
1749 1754 1
1750 1751 1
1751 1752 1
1752 1753 1
1753 9 1
1754 1751 1
1755 1756 1
1756 1757 1
1756 1761 1
1757 1758 1
1758 1759 1
1759 1760 1
1760 9 1
1761 1758 1
1762 1763 1
1763 1764 1
1763 1768 1
1764 1765 1
1765 1766 1
1766 1767 1
1767 9 1
1768 1765 1
1769 1770 1
1770 1771 1
1770 1775 1
1771 1772 1
1772 1773 1
1773 1774 1
1774 9 1
1775 1772 1
1776 1777 1
1777 1778 1
1777 1782 1
1778 1779 1
1779 1780 1
1780 1781 1
1781 9 1
1782 1779 1
1783 1784 1
1784 1785 1
1784 1789 1
1785 1786 1
1786 1787 1
1787 1788 1
1788 9 1
1789 1786 1
1790 1791 1
1791 1792 1
1791 1796 1
1792 1793 1
1793 1794 1
1794 1795 1
1795 9 1
1796 1793 1
1797 1798 1
1798 1799 1
1798 1803 1
1799 1800 1
1800 1801 1
1801 1802 1
1802 9 1
1803 1800 1
1804 1805 1
1805 1806 1
1805 1810 1
1806 1807 1
1807 1808 1
1808 1809 1
1809 9 1
1810 1807 1
1811 1812 1
1812 1813 1
1812 1817 1
1813 1814 1
1814 1815 1
1815 1816 1
1816 9 1
1817 1814 1
1818 1819 1
1819 1820 1
1819 1824 1
1820 1821 1
1821 1822 1
1822 1823 1
1823 9 1
1824 1821 1
1825 1826 1
1826 1827 1
1826 1831 1
1827 1828 1
1828 1829 1
1829 1830 1
1830 9 1
1831 1828 1
1832 1833 1
1833 1834 1
1833 1838 1
1834 1835 1
1835 1836 1
1836 1837 1
1837 9 1
1838 1835 1
1839 1840 1
1840 1841 1
1840 1845 1
1841 1842 1
1842 1843 1
1843 1844 1
1844 9 1
1845 1842 1
1846 1847 1
1847 1848 1
1847 1852 1
1848 1849 1
1849 1850 1
1850 1851 1
1851 9 1
1852 1849 1
1853 1854 1
1854 1855 1
1854 1859 1
1855 1856 1
1856 1857 1
1857 1858 1
1858 9 1
1859 1856 1
1860 1861 1
1861 1862 1
1861 1866 1
1862 1863 1
1863 1864 1
1864 1865 1
1865 9 1
1866 1863 1
1867 1868 1
1868 1869 1
1868 1873 1
1869 1870 1
1870 1871 1
1871 1872 1
1872 9 1
1873 1870 1
1874 1875 1
1875 1876 1
1875 1880 1
1876 1877 1
1877 1878 1
1878 1879 1
1879 9 1
1880 1877 1
1881 1882 1
1882 1883 1
1882 1887 1
1883 1884 1
1884 1885 1
1885 1886 1
1886 9 1
1887 1884 1
1888 1889 1
1889 1890 1
1889 1894 1
1890 1891 1
1891 1892 1
1892 1893 1
1893 9 1
1894 1891 1
1895 1896 1
1896 1897 1
1896 1901 1
1897 1898 1
1898 1899 1
1899 1900 1
1900 9 1
1901 1898 1
1902 1903 1
1903 1904 1
1903 1908 1
1904 1905 1
1905 1906 1
1906 1907 1
1907 9 1
1908 1905 1
1909 1910 1
1910 1911 1
1910 1915 1
1911 1912 1
1912 1913 1
1913 1914 1
1914 9 1
1915 1912 1
1916 1917 1
1917 1918 1
1917 1922 1
1918 1919 1
1919 1920 1
1920 1921 1
1921 9 1
1922 1919 1
1923 1924 1
1924 1925 1
1924 1929 1
1925 1926 1
1926 1927 1
1927 1928 1
1928 9 1
1929 1926 1
1930 1931 1
1931 1932 1
1931 1936 1
1932 1933 1
1933 1934 1
1934 1935 1
1935 9 1
1936 1933 1
1937 1938 1
1938 1939 1
1938 1943 1
1939 1940 1
1940 1941 1
1941 1942 1
1942 9 1
1943 1940 1
1944 1945 1
1945 1946 1
1945 1950 1
1946 1947 1
1947 1948 1
1948 1949 1
1949 9 1
1950 1947 1
1951 1952 1
1952 1953 1
1952 1957 1
1953 1954 1
1954 1955 1
1955 1956 1
1956 9 1
1957 1954 1
1958 1959 1
1959 1960 1
1959 1964 1
1960 1961 1
1961 1962 1
1962 1963 1
1963 9 1
1964 1961 1
1965 1966 1
1966 1967 1
1966 1971 1
1967 1968 1
1968 1969 1
1969 1970 1
1970 9 1
1971 1968 1
1972 1973 1
1973 1974 1
1973 1978 1
1974 1975 1
1975 1976 1
1976 1977 1
1977 9 1
1978 1975 1
1979 1980 1
1980 1981 1
1980 1985 1
1981 1982 1
1982 1983 1
1983 1984 1
1984 9 1
1985 1982 1
1986 1987 1
1987 1988 1
1987 1992 1
1988 1989 1
1989 1990 1
1990 1991 1
1991 9 1
1992 1989 1
1993 1994 1
1994 1995 1
1994 1999 1
1995 1996 1
1996 1997 1
1997 1998 1
1998 9 1
1999 1996 1
2000 2001 1
2001 2002 1
2001 2006 1
2002 2003 1
2003 2004 1
2004 2005 1
2005 9 1
2006 2003 1
2007 2008 1
2008 2009 1
2008 2013 1
2009 2010 1
2010 2011 1
2011 2012 1
2012 9 1
2013 2010 1
2014 2015 1
2015 2016 1
2015 2020 1
2016 2017 1
2017 2018 1
2018 2019 1
2019 9 1
2020 2017 1
2021 2022 1
2022 2023 1
2022 2027 1
2023 2024 1
2024 2025 1
2025 2026 1
2026 9 1
2027 2024 1
2028 2029 1
2029 2030 1
2029 2034 1
2030 2031 1
2031 2032 1
2032 2033 1
2033 9 1
2034 2031 1
2035 2036 1
2036 2037 1
2036 2041 1
2037 2038 1
2038 2039 1
2039 2040 1
2040 9 1
2041 2038 1
2042 2043 1
2043 2044 1
2043 2048 1
2044 2045 1
2045 2046 1
2046 2047 1
2047 9 1
2048 2045 1
2049 2050 1
2050 2051 1
2050 2055 1
2051 2052 1
2052 2053 1
2053 2054 1
2054 9 1
2055 2052 1
2056 2057 1
2057 2058 1
2057 2062 1
2058 2059 1
2059 2060 1
2060 2061 1
2061 9 1
2062 2059 1
2063 2064 1
2064 2065 1
2064 2069 1
2065 2066 1
2066 2067 1
2067 2068 1
2068 9 1
2069 2066 1
2070 2071 1
2071 2072 1
2071 2076 1
2072 2073 1
2073 2074 1
2074 2075 1
2075 9 1
2076 2073 1
2077 2078 1
2078 2079 1
2078 2083 1
2079 2080 1
2080 2081 1
2081 2082 1
2082 9 1
2083 2080 1
2084 2085 1
2085 2086 1
2085 2090 1
2086 2087 1
2087 2088 1
2088 2089 1
2089 9 1
2090 2087 1
2091 2092 1
2092 2093 1
2092 2097 1
2093 2094 1
2094 2095 1
2095 2096 1
2096 9 1
2097 2094 1
2098 2099 1
2099 2100 1
2099 2104 1
2100 2101 1
2101 2102 1
2102 2103 1
2103 9 1
2104 2101 1
2105 2106 1
2106 2107 1
2106 2111 1
2107 2108 1
2108 2109 1
2109 2110 1
2110 9 1
2111 2108 1
2112 2113 1
2113 2114 1
2113 2118 1
2114 2115 1
2115 2116 1
2116 2117 1
2117 9 1
2118 2115 1
2119 2120 1
2120 2121 1
2120 2125 1
2121 2122 1
2122 2123 1
2123 2124 1
2124 9 1
2125 2122 1
2126 2127 1
2127 2128 1
2127 2132 1
2128 2129 1
2129 2130 1
2130 2131 1
2131 9 1
2132 2129 1
2133 2134 1
2134 2135 1
2134 2139 1
2135 2136 1
2136 2137 1
2137 2138 1
2138 9 1
2139 2136 1
2140 2141 1
2141 2142 1
2141 2146 1
2142 2143 1
2143 2144 1
2144 2145 1
2145 9 1
2146 2143 1
2147 2148 1
2148 2149 1
2148 2153 1
2149 2150 1
2150 2151 1
2151 2152 1
2152 9 1
2153 2150 1
2154 2155 1
2155 2156 1
2155 2160 1
2156 2157 1
2157 2158 1
2158 2159 1
2159 9 1
2160 2157 1
2161 2162 1
2162 2163 1
2162 2167 1
2163 2164 1
2164 2165 1
2165 2166 1
2166 9 1
2167 2164 1
2168 2169 1
2169 2170 1
2169 2174 1
2170 2171 1
2171 2172 1
2172 2173 1
2173 9 1
2174 2171 1
2175 2176 1
2176 2177 1
2176 2181 1
2177 2178 1
2178 2179 1
2179 2180 1
2180 9 1
2181 2178 1
2182 2183 1
2183 2184 1
2183 2188 1
2184 2185 1
2185 2186 1
2186 2187 1
2187 9 1
2188 2185 1
2189 2190 1
2190 2191 1
2190 2195 1
2191 2192 1
2192 2193 1
2193 2194 1
2194 9 1
2195 2192 1
2196 2197 1
2197 2198 1
2197 2202 1
2198 2199 1
2199 2200 1
2200 2201 1
2201 9 1
2202 2199 1
2203 2204 1
2204 2205 1
2204 2209 1
2205 2206 1
2206 2207 1
2207 2208 1
2208 9 1
2209 2206 1
2210 2211 1
2211 2212 1
2211 2216 1
2212 2213 1
2213 2214 1
2214 2215 1
2215 9 1
2216 2213 1
2217 2218 1
2218 2219 1
2218 2223 1
2219 2220 1
2220 2221 1
2221 2222 1
2222 9 1
2223 2220 1
2224 2225 1
2225 2226 1
2225 2230 1
2226 2227 1
2227 2228 1
2228 2229 1
2229 9 1
2230 2227 1
2231 2232 1
2232 2233 1
2232 2237 1
2233 2234 1
2234 2235 1
2235 2236 1
2236 9 1
2237 2234 1
2238 2239 1
2239 2240 1
2239 2244 1
2240 2241 1
2241 2242 1
2242 2243 1
2243 9 1
2244 2241 1
2245 2246 1
2246 2247 1
2246 2251 1
2247 2248 1
2248 2249 1
2249 2250 1
2250 9 1
2251 2248 1
2252 2253 1
2253 2254 1
2253 2258 1
2254 2255 1
2255 2256 1
2256 2257 1
2257 9 1
2258 2255 1
2259 2260 1
2260 2261 1
2260 2265 1
2261 2262 1
2262 2263 1
2263 2264 1
2264 9 1
2265 2262 1
2266 2267 1
2267 2268 1
2267 2272 1
2268 2269 1
2269 2270 1
2270 2271 1
2271 9 1
2272 2269 1
2273 2274 1
2274 2275 1
2274 2279 1
2275 2276 1
2276 2277 1
2277 2278 1
2278 9 1
2279 2276 1
2280 2281 1
2281 2282 1
2281 2286 1
2282 2283 1
2283 2284 1
2284 2285 1
2285 9 1
2286 2283 1
2287 2288 1
2288 2289 1
2288 2293 1
2289 2290 1
2290 2291 1
2291 2292 1
2292 9 1
2293 2290 1
2294 2295 1
2295 2296 1
2295 2300 1
2296 2297 1
2297 2298 1
2298 2299 1
2299 9 1
2300 2297 1
2301 2302 1
2302 2303 1
2302 2307 1
2303 2304 1
2304 2305 1
2305 2306 1
2306 9 1
2307 2304 1
2308 2309 1
2309 2310 1
2309 2314 1
2310 2311 1
2311 2312 1
2312 2313 1
2313 9 1
2314 2311 1
2315 2316 1
2316 2317 1
2316 2321 1
2317 2318 1
2318 2319 1
2319 2320 1
2320 9 1
2321 2318 1
2322 2323 1
2323 2324 1
2323 2328 1
2324 2325 1
2325 2326 1
2326 2327 1
2327 9 1
2328 2325 1
2329 2330 1
2330 2331 1
2330 2335 1
2331 2332 1
2332 2333 1
2333 2334 1
2334 9 1
2335 2332 1
2336 2337 1
2337 2338 1
2337 2342 1
2338 2339 1
2339 2340 1
2340 2341 1
2341 9 1
2342 2339 1
2343 2344 1
2344 2345 1
2344 2349 1
2345 2346 1
2346 2347 1
2347 2348 1
2348 9 1
2349 2346 1
2350 2351 1
2351 2352 1
2351 2356 1
2352 2353 1
2353 2354 1
2354 2355 1
2355 9 1
2356 2353 1
2357 2358 1
2358 2359 1
2358 2363 1
2359 2360 1
2360 2361 1
2361 2362 1
2362 9 1
2363 2360 1
2364 2365 1
2365 2366 1
2365 2370 1
2366 2367 1
2367 2368 1
2368 2369 1
2369 9 1
2370 2367 1
2371 2372 1
2372 2373 1
2372 2377 1
2373 2374 1
2374 2375 1
2375 2376 1
2376 9 1
2377 2374 1
2378 2379 1
2379 2380 1
2379 2384 1
2380 2381 1
2381 2382 1
2382 2383 1
2383 9 1
2384 2381 1
2385 2386 1
2386 2387 1
2386 2391 1
2387 2388 1
2388 2389 1
2389 2390 1
2390 9 1
2391 2388 1
2392 2393 1
2393 2394 1
2393 2398 1
2394 2395 1
2395 2396 1
2396 2397 1
2397 9 1
2398 2395 1
2399 2400 1
2400 2401 1
2400 2405 1
2401 2402 1
2402 2403 1
2403 2404 1
2404 9 1
2405 2402 1
2406 2407 1
2407 2408 1
2407 2412 1
2408 2409 1
2409 2410 1
2410 2411 1
2411 9 1
2412 2409 1
2413 2414 1
2414 2415 1
2414 2419 1
2415 2416 1
2416 2417 1
2417 2418 1
2418 9 1
2419 2416 1
2420 2421 1
2421 2422 1
2421 2426 1
2422 2423 1
2423 2424 1
2424 2425 1
2425 9 1
2426 2423 1
2427 2428 1
2428 2429 1
2428 2433 1
2429 2430 1
2430 2431 1
2431 2432 1
2432 9 1
2433 2430 1
2434 2435 1
2435 2436 1
2435 2440 1
2436 2437 1
2437 2438 1
2438 2439 1
2439 9 1
2440 2437 1
2441 2442 1
2442 2443 1
2442 2447 1
2443 2444 1
2444 2445 1
2445 2446 1
2446 9 1
2447 2444 1
2448 2449 1
2449 2450 1
2449 2454 1
2450 2451 1
2451 2452 1
2452 2453 1
2453 9 1
2454 2451 1
2455 2456 1
2456 2457 1
2456 2461 1
2457 2458 1
2458 2459 1
2459 2460 1
2460 9 1
2461 2458 1
2462 2463 1
2463 2464 1
2463 2468 1
2464 2465 1
2465 2466 1
2466 2467 1
2467 9 1
2468 2465 1
2469 2470 1
2470 2471 1
2470 2475 1
2471 2472 1
2472 2473 1
2473 2474 1
2474 9 1
2475 2472 1
2476 2477 1
2477 2478 1
2477 2482 1
2478 2479 1
2479 2480 1
2480 2481 1
2481 9 1
2482 2479 1
2483 2484 1
2484 2485 1
2484 2489 1
2485 2486 1
2486 2487 1
2487 2488 1
2488 9 1
2489 2486 1
2490 2491 1
2491 2492 1
2491 2496 1
2492 2493 1
2493 2494 1
2494 2495 1
2495 9 1
2496 2493 1
2497 2498 1
2498 2499 1
2498 2503 1
2499 2500 1
2500 2501 1
2501 2502 1
2502 9 1
2503 2500 1
2504 2505 1
2505 2506 1
2505 2510 1
2506 2507 1
2507 2508 1
2508 2509 1
2509 9 1
2510 2507 1
2511 2512 1
2512 2513 1
2512 2517 1
2513 2514 1
2514 2515 1
2515 2516 1
2516 9 1
2517 2514 1
2518 2519 1
2519 2520 1
2519 2524 1
2520 2521 1
2521 2522 1
2522 2523 1
2523 9 1
2524 2521 1
2525 2526 1
2526 2527 1
2526 2531 1
2527 2528 1
2528 2529 1
2529 2530 1
2530 9 1
2531 2528 1
2532 2533 1
2533 2534 1
2533 2538 1
2534 2535 1
2535 2536 1
2536 2537 1
2537 9 1
2538 2535 1
2539 2540 1
2540 2541 1
2540 2545 1
2541 2542 1
2542 2543 1
2543 2544 1
2544 9 1
2545 2542 1
2546 2547 1
2547 2548 1
2547 2552 1
2548 2549 1
2549 2550 1
2550 2551 1
2551 9 1
2552 2549 1
2553 2554 1
2554 2555 1
2554 2559 1
2555 2556 1
2556 2557 1
2557 2558 1
2558 9 1
2559 2556 1
2560 2561 1
2561 2562 1
2561 2566 1
2562 2563 1
2563 2564 1
2564 2565 1
2565 9 1
2566 2563 1
2567 2568 1
2568 2569 1
2568 2573 1
2569 2570 1
2570 2571 1
2571 2572 1
2572 9 1
2573 2570 1
2574 2575 1
2575 2576 1
2575 2580 1
2576 2577 1
2577 2578 1
2578 2579 1
2579 9 1
2580 2577 1
2581 2582 1
2582 2583 1
2582 2587 1
2583 2584 1
2584 2585 1
2585 2586 1
2586 9 1
2587 2584 1
2588 2589 1
2589 2590 1
2589 2594 1
2590 2591 1
2591 2592 1
2592 2593 1
2593 9 1
2594 2591 1
2595 2596 1
2596 2597 1
2596 2601 1
2597 2598 1
2598 2599 1
2599 2600 1
2600 9 1
2601 2598 1
2602 2603 1
2603 2604 1
2603 2608 1
2604 2605 1
2605 2606 1
2606 2607 1
2607 9 1
2608 2605 1
2609 2610 1
2610 2611 1
2610 2615 1
2611 2612 1
2612 2613 1
2613 2614 1
2614 9 1
2615 2612 1
2616 2617 1
2617 2618 1
2617 2622 1
2618 2619 1
2619 2620 1
2620 2621 1
2621 9 1
2622 2619 1
2623 2624 1
2624 2625 1
2624 2629 1
2625 2626 1
2626 2627 1
2627 2628 1
2628 9 1
2629 2626 1
2630 2631 1
2631 2632 1
2631 2636 1
2632 2633 1
2633 2634 1
2634 2635 1
2635 9 1
2636 2633 1
2637 2638 1
2638 2639 1
2638 2643 1
2639 2640 1
2640 2641 1
2641 2642 1
2642 9 1
2643 2640 1
2644 2645 1
2645 2646 1
2645 2650 1
2646 2647 1
2647 2648 1
2648 2649 1
2649 9 1
2650 2647 1
2651 2652 1
2652 2653 1
2652 2657 1
2653 2654 1
2654 2655 1
2655 2656 1
2656 9 1
2657 2654 1
2658 2659 1
2659 2660 1
2659 2664 1
2660 2661 1
2661 2662 1
2662 2663 1
2663 9 1
2664 2661 1
2665 2666 1
2666 2667 1
2666 2671 1
2667 2668 1
2668 2669 1
2669 2670 1
2670 9 1
2671 2668 1
2672 2673 1
2673 2674 1
2673 2678 1
2674 2675 1
2675 2676 1
2676 2677 1
2677 9 1
2678 2675 1
2679 2680 1
2680 2681 1
2680 2685 1
2681 2682 1
2682 2683 1
2683 2684 1
2684 9 1
2685 2682 1
2686 2687 1
2687 2688 1
2687 2692 1
2688 2689 1
2689 2690 1
2690 2691 1
2691 9 1
2692 2689 1
2693 2694 1
2694 2695 1
2694 2699 1
2695 2696 1
2696 2697 1
2697 2698 1
2698 9 1
2699 2696 1
2700 2701 1
2701 2702 1
2701 2706 1
2702 2703 1
2703 2704 1
2704 2705 1
2705 9 1
2706 2703 1
2707 2708 1
2708 2709 1
2708 2713 1
2709 2710 1
2710 2711 1
2711 2712 1
2712 9 1
2713 2710 1
2714 2715 1
2715 2716 1
2715 2720 1
2716 2717 1
2717 2718 1
2718 2719 1
2719 9 1
2720 2717 1
2721 2722 1
2722 2723 1
2722 2727 1
2723 2724 1
2724 2725 1
2725 2726 1
2726 9 1
2727 2724 1
2728 2729 1
2729 2730 1
2729 2734 1
2730 2731 1
2731 2732 1
2732 2733 1
2733 9 1
2734 2731 1
2735 2736 1
2736 2737 1
2736 2741 1
2737 2738 1
2738 2739 1
2739 2740 1
2740 9 1
2741 2738 1
2742 2743 1
2743 2744 1
2743 2748 1
2744 2745 1
2745 2746 1
2746 2747 1
2747 9 1
2748 2745 1
2749 2750 1
2750 2751 1
2750 2755 1
2751 2752 1
2752 2753 1
2753 2754 1
2754 9 1
2755 2752 1
2756 2757 1
2757 2758 1
2757 2762 1
2758 2759 1
2759 2760 1
2760 2761 1
2761 9 1
2762 2759 1
2763 2764 1
2764 2765 1
2764 2769 1
2765 2766 1
2766 2767 1
2767 2768 1
2768 9 1
2769 2766 1
2770 2771 1
2771 2772 1
2771 2776 1
2772 2773 1
2773 2774 1
2774 2775 1
2775 9 1
2776 2773 1
2777 2778 1
2778 2779 1
2778 2783 1
2779 2780 1
2780 2781 1
2781 2782 1
2782 9 1
2783 2780 1
2784 2785 1
2785 2786 1
2785 2790 1
2786 2787 1
2787 2788 1
2788 2789 1
2789 9 1
2790 2787 1
2791 2792 1
2792 2793 1
2792 2797 1
2793 2794 1
2794 2795 1
2795 2796 1
2796 9 1
2797 2794 1
2798 2799 1
2799 2800 1
2799 2804 1
2800 2801 1
2801 2802 1
2802 2803 1
2803 9 1
2804 2801 1
2805 2806 1
2806 2807 1
2806 2811 1
2807 2808 1
2808 2809 1
2809 2810 1
2810 9 1
2811 2808 1
2812 2813 1
2813 2814 1
2813 2818 1
2814 2815 1
2815 2816 1
2816 2817 1
2817 9 1
2818 2815 1
2819 2820 1
2820 2821 1
2820 2825 1
2821 2822 1
2822 2823 1
2823 2824 1
2824 9 1
2825 2822 1
2826 2827 1
2827 2828 1
2827 2832 1
2828 2829 1
2829 2830 1
2830 2831 1
2831 9 1
2832 2829 1
2833 2834 1
2834 2835 1
2834 2839 1
2835 2836 1
2836 2837 1
2837 2838 1
2838 9 1
2839 2836 1
2840 2841 1
2841 2842 1
2841 2846 1
2842 2843 1
2843 2844 1
2844 2845 1
2845 9 1
2846 2843 1
2847 2848 1
2848 2849 1
2848 2853 1
2849 2850 1
2850 2851 1
2851 2852 1
2852 9 1
2853 2850 1
2854 2855 1
2855 2856 1
2855 2860 1
2856 2857 1
2857 2858 1
2858 2859 1
2859 9 1
2860 2857 1
2861 2862 1
2862 2863 1
2862 2867 1
2863 2864 1
2864 2865 1
2865 2866 1
2866 9 1
2867 2864 1
2868 2869 1
2869 2870 1
2869 2874 1
2870 2871 1
2871 2872 1
2872 2873 1
2873 9 1
2874 2871 1
2875 2876 1
2876 2877 1
2876 2881 1
2877 2878 1
2878 2879 1
2879 2880 1
2880 9 1
2881 2878 1
2882 2883 1
2883 2884 1
2883 2888 1
2884 2885 1
2885 2886 1
2886 2887 1
2887 9 1
2888 2885 1
2889 2890 1
2890 2891 1
2890 2895 1
2891 2892 1
2892 2893 1
2893 2894 1
2894 9 1
2895 2892 1
2896 2897 1
2897 2898 1
2897 2902 1
2898 2899 1
2899 2900 1
2900 2901 1
2901 9 1
2902 2899 1
2903 2904 1
2904 2905 1
2904 2909 1
2905 2906 1
2906 2907 1
2907 2908 1
2908 9 1
2909 2906 1
2910 2911 1
2911 2912 1
2911 2916 1
2912 2913 1
2913 2914 1
2914 2915 1
2915 9 1
2916 2913 1
2917 2918 1
2918 2919 1
2918 2923 1
2919 2920 1
2920 2921 1
2921 2922 1
2922 9 1
2923 2920 1
2924 2925 1
2925 2926 1
2925 2930 1
2926 2927 1
2927 2928 1
2928 2929 1
2929 9 1
2930 2927 1
2931 2932 1
2932 2933 1
2932 2937 1
2933 2934 1
2934 2935 1
2935 2936 1
2936 9 1
2937 2934 1
2938 2939 1
2939 2940 1
2939 2944 1
2940 2941 1
2941 2942 1
2942 2943 1
2943 9 1
2944 2941 1
2945 2946 1
2946 2947 1
2946 2951 1
2947 2948 1
2948 2949 1
2949 2950 1
2950 9 1
2951 2948 1
2952 2953 1
2953 2954 1
2953 2958 1
2954 2955 1
2955 2956 1
2956 2957 1
2957 9 1
2958 2955 1
2959 2960 1
2960 2961 1
2960 2965 1
2961 2962 1
2962 2963 1
2963 2964 1
2964 9 1
2965 2962 1
2966 2967 1
2967 2968 1
2967 2972 1
2968 2969 1
2969 2970 1
2970 2971 1
2971 9 1
2972 2969 1
2973 2974 1
2974 2975 1
2974 2979 1
2975 2976 1
2976 2977 1
2977 2978 1
2978 9 1
2979 2976 1
2980 2981 1
2981 2982 1
2981 2986 1
2982 2983 1
2983 2984 1
2984 2985 1
2985 9 1
2986 2983 1
2987 2988 1
2988 2989 1
2988 2993 1
2989 2990 1
2990 2991 1
2991 2992 1
2992 9 1
2993 2990 1
2994 2995 1
2995 2996 1
2995 3000 1
2996 2997 1
2997 2998 1
2998 2999 1
2999 9 1
3000 2997 1
3001 3002 1
3002 3003 1
3002 3007 1
3003 3004 1
3004 3005 1
3005 3006 1
3006 9 1
3007 3004 1
3008 3009 1
3009 3010 1
3009 3014 1
3010 3011 1
3011 3012 1
3012 3013 1
3013 9 1
3014 3011 1
3015 3016 1
3016 3017 1
3016 3021 1
3017 3018 1
3018 3019 1
3019 3020 1
3020 9 1
3021 3018 1
3022 3023 1
3023 3024 1
3023 3028 1
3024 3025 1
3025 3026 1
3026 3027 1
3027 9 1
3028 3025 1
3029 3030 1
3030 3031 1
3030 3035 1
3031 3032 1
3032 3033 1
3033 3034 1
3034 9 1
3035 3032 1
3036 3037 1
3037 3038 1
3037 3042 1
3038 3039 1
3039 3040 1
3040 3041 1
3041 9 1
3042 3039 1
3043 3044 1
3044 3045 1
3044 3049 1
3045 3046 1
3046 3047 1
3047 3048 1
3048 9 1
3049 3046 1
3050 3051 1
3051 3052 1
3051 3056 1
3052 3053 1
3053 3054 1
3054 3055 1
3055 9 1
3056 3053 1
3057 3058 1
3058 3059 1
3058 3063 1
3059 3060 1
3060 3061 1
3061 3062 1
3062 9 1
3063 3060 1
3064 3065 1
3065 3066 1
3065 3070 1
3066 3067 1
3067 3068 1
3068 3069 1
3069 9 1
3070 3067 1
3071 3072 1
3072 3073 1
3072 3077 1
3073 3074 1
3074 3075 1
3075 3076 1
3076 9 1
3077 3074 1
3078 3079 1
3079 3080 1
3079 3084 1
3080 3081 1
3081 3082 1
3082 3083 1
3083 9 1
3084 3081 1
3085 3086 1
3086 3087 1
3086 3091 1
3087 3088 1
3088 3089 1
3089 3090 1
3090 9 1
3091 3088 1
3092 3093 1
3093 3094 1
3093 3098 1
3094 3095 1
3095 3096 1
3096 3097 1
3097 9 1
3098 3095 1
3099 3100 1
3100 3101 1
3100 3105 1
3101 3102 1
3102 3103 1
3103 3104 1
3104 9 1
3105 3102 1
3106 3107 1
3107 3108 1
3107 3112 1
3108 3109 1
3109 3110 1
3110 3111 1
3111 9 1
3112 3109 1
3113 3114 1
3114 3115 1
3114 3119 1
3115 3116 1
3116 3117 1
3117 3118 1
3118 9 1
3119 3116 1
3120 3121 1
3121 3122 1
3121 3126 1
3122 3123 1
3123 3124 1
3124 3125 1
3125 9 1
3126 3123 1
3127 3128 1
3128 3129 1
3128 3133 1
3129 3130 1
3130 3131 1
3131 3132 1
3132 9 1
3133 3130 1
3134 3135 1
3135 3136 1
3135 3140 1
3136 3137 1
3137 3138 1
3138 3139 1
3139 9 1
3140 3137 1
3141 3142 1
3142 3143 1
3142 3147 1
3143 3144 1
3144 3145 1
3145 3146 1
3146 9 1
3147 3144 1
3148 3149 1
3149 3150 1
3149 3154 1
3150 3151 1
3151 3152 1
3152 3153 1
3153 9 1
3154 3151 1
3155 3156 1
3156 3157 1
3156 3161 1
3157 3158 1
3158 3159 1
3159 3160 1
3160 9 1
3161 3158 1
3162 3163 1
3163 3164 1
3163 3168 1
3164 3165 1
3165 3166 1
3166 3167 1
3167 9 1
3168 3165 1
3169 3170 1
3170 3171 1
3170 3175 1
3171 3172 1
3172 3173 1
3173 3174 1
3174 9 1
3175 3172 1
3176 3177 1
3177 3178 1
3177 3182 1
3178 3179 1
3179 3180 1
3180 3181 1
3181 9 1
3182 3179 1
3183 3184 1
3184 3185 1
3184 3189 1
3185 3186 1
3186 3187 1
3187 3188 1
3188 9 1
3189 3186 1
3190 3191 1
3191 3192 1
3191 3196 1
3192 3193 1
3193 3194 1
3194 3195 1
3195 9 1
3196 3193 1
3197 3198 1
3198 3199 1
3198 3203 1
3199 3200 1
3200 3201 1
3201 3202 1
3202 9 1
3203 3200 1
3204 3205 1
3205 3206 1
3205 3210 1
3206 3207 1
3207 3208 1
3208 3209 1
3209 9 1
3210 3207 1
3211 3212 1
3212 3213 1
3212 3217 1
3213 3214 1
3214 3215 1
3215 3216 1
3216 9 1
3217 3214 1
3218 3219 1
3219 3220 1
3219 3224 1
3220 3221 1
3221 3222 1
3222 3223 1
3223 9 1
3224 3221 1
3225 3226 1
3226 3227 1
3226 3231 1
3227 3228 1
3228 3229 1
3229 3230 1
3230 9 1
3231 3228 1
3232 3233 1
3233 3234 1
3233 3238 1
3234 3235 1
3235 3236 1
3236 3237 1
3237 9 1
3238 3235 1
3239 3240 1
3240 3241 1
3240 3245 1
3241 3242 1
3242 3243 1
3243 3244 1
3244 9 1
3245 3242 1
3246 3247 1
3247 3248 1
3247 3252 1
3248 3249 1
3249 3250 1
3250 3251 1
3251 9 1
3252 3249 1
3253 3254 1
3254 3255 1
3254 3259 1
3255 3256 1
3256 3257 1
3257 3258 1
3258 9 1
3259 3256 1
3260 3261 1
3261 3262 1
3261 3266 1
3262 3263 1
3263 3264 1
3264 3265 1
3265 9 1
3266 3263 1
3267 3268 1
3268 3269 1
3268 3273 1
3269 3270 1
3270 3271 1
3271 3272 1
3272 9 1
3273 3270 1
3274 3275 1
3275 3276 1
3275 3280 1
3276 3277 1
3277 3278 1
3278 3279 1
3279 9 1
3280 3277 1
3281 3282 1
3282 3283 1
3282 3287 1
3283 3284 1
3284 3285 1
3285 3286 1
3286 9 1
3287 3284 1
3288 3289 1
3289 3290 1
3289 3294 1
3290 3291 1
3291 3292 1
3292 3293 1
3293 9 1
3294 3291 1
3295 3296 1
3296 3297 1
3296 3301 1
3297 3298 1
3298 3299 1
3299 3300 1
3300 9 1
3301 3298 1
3302 3303 1
3303 3304 1
3303 3308 1
3304 3305 1
3305 3306 1
3306 3307 1
3307 9 1
3308 3305 1
3309 3310 1
3310 3311 1
3310 3315 1
3311 3312 1
3312 3313 1
3313 3314 1
3314 9 1
3315 3312 1
3316 3317 1
3317 3318 1
3317 3322 1
3318 3319 1
3319 3320 1
3320 3321 1
3321 9 1
3322 3319 1
3323 3324 1
3324 3325 1
3324 3329 1
3325 3326 1
3326 3327 1
3327 3328 1
3328 9 1
3329 3326 1
3330 3331 1
3331 3332 1
3331 3336 1
3332 3333 1
3333 3334 1
3334 3335 1
3335 9 1
3336 3333 1
3337 3338 1
3338 3339 1
3338 3343 1
3339 3340 1
3340 3341 1
3341 3342 1
3342 9 1
3343 3340 1
3344 3345 1
3345 3346 1
3345 3350 1
3346 3347 1
3347 3348 1
3348 3349 1
3349 9 1
3350 3347 1
3351 3352 1
3352 3353 1
3352 3357 1
3353 3354 1
3354 3355 1
3355 3356 1
3356 9 1
3357 3354 1
3358 3359 1
3359 3360 1
3359 3364 1
3360 3361 1
3361 3362 1
3362 3363 1
3363 9 1
3364 3361 1
3365 3366 1
3366 3367 1
3366 3371 1
3367 3368 1
3368 3369 1
3369 3370 1
3370 9 1
3371 3368 1
3372 3373 1
3373 3374 1
3373 3378 1
3374 3375 1
3375 3376 1
3376 3377 1
3377 9 1
3378 3375 1
3379 3380 1
3380 3381 1
3380 3385 1
3381 3382 1
3382 3383 1
3383 3384 1
3384 9 1
3385 3382 1
3386 3387 1
3387 3388 1
3387 3392 1
3388 3389 1
3389 3390 1
3390 3391 1
3391 9 1
3392 3389 1
3393 3394 1
3394 3395 1
3394 3399 1
3395 3396 1
3396 3397 1
3397 3398 1
3398 9 1
3399 3396 1
3400 3401 1
3401 3402 1
3401 3406 1
3402 3403 1
3403 3404 1
3404 3405 1
3405 9 1
3406 3403 1
3407 3408 1
3408 3409 1
3408 3413 1
3409 3410 1
3410 3411 1
3411 3412 1
3412 9 1
3413 3410 1
3414 3415 1
3415 3416 1
3415 3420 1
3416 3417 1
3417 3418 1
3418 3419 1
3419 9 1
3420 3417 1
3421 3422 1
3422 3423 1
3422 3427 1
3423 3424 1
3424 3425 1
3425 3426 1
3426 9 1
3427 3424 1
3428 3429 1
3429 3430 1
3429 3434 1
3430 3431 1
3431 3432 1
3432 3433 1
3433 9 1
3434 3431 1
3435 3436 1
3436 3437 1
3436 3441 1
3437 3438 1
3438 3439 1
3439 3440 1
3440 9 1
3441 3438 1
3442 3443 1
3443 3444 1
3443 3448 1
3444 3445 1
3445 3446 1
3446 3447 1
3447 9 1
3448 3445 1
3449 3450 1
3450 3451 1
3450 3455 1
3451 3452 1
3452 3453 1
3453 3454 1
3454 9 1
3455 3452 1
3456 3457 1
3457 3458 1
3457 3462 1
3458 3459 1
3459 3460 1
3460 3461 1
3461 9 1
3462 3459 1
3463 3464 1
3464 3465 1
3464 3469 1
3465 3466 1
3466 3467 1
3467 3468 1
3468 9 1
3469 3466 1
3470 3471 1
3471 3472 1
3471 3476 1
3472 3473 1
3473 3474 1
3474 3475 1
3475 9 1
3476 3473 1
3477 3478 1
3478 3479 1
3478 3483 1
3479 3480 1
3480 3481 1
3481 3482 1
3482 9 1
3483 3480 1
3484 3485 1
3485 3486 1
3485 3490 1
3486 3487 1
3487 3488 1
3488 3489 1
3489 9 1
3490 3487 1
3491 3492 1
3492 3493 1
3492 3497 1
3493 3494 1
3494 3495 1
3495 3496 1
3496 9 1
3497 3494 1
3498 3499 1
3499 3500 1
3499 3504 1
3500 3501 1
3501 3502 1
3502 3503 1
3503 9 1
3504 3501 1
3505 3506 1
3506 3507 1
3506 3511 1
3507 3508 1
3508 3509 1
3509 3510 1
3510 9 1
3511 3508 1
3512 3513 1
3513 3514 1
3513 3518 1
3514 3515 1
3515 3516 1
3516 3517 1
3517 9 1
3518 3515 1
3519 3520 1
3520 3521 1
3520 3525 1
3521 3522 1
3522 3523 1
3523 3524 1
3524 9 1
3525 3522 1
3526 3527 1
3527 3528 1
3527 3532 1
3528 3529 1
3529 3530 1
3530 3531 1
3531 9 1
3532 3529 1
3533 3534 1
3534 3535 1
3534 3539 1
3535 3536 1
3536 3537 1
3537 3538 1
3538 9 1
3539 3536 1
3540 3541 1
3541 3542 1
3541 3546 1
3542 3543 1
3543 3544 1
3544 3545 1
3545 9 1
3546 3543 1
3547 3548 1
3548 3549 1
3548 3553 1
3549 3550 1
3550 3551 1
3551 3552 1
3552 9 1
3553 3550 1
3554 3555 1
3555 3556 1
3555 3560 1
3556 3557 1
3557 3558 1
3558 3559 1
3559 9 1
3560 3557 1
3561 3562 1
3562 3563 1
3562 3567 1
3563 3564 1
3564 3565 1
3565 3566 1
3566 9 1
3567 3564 1
3568 3569 1
3569 3570 1
3569 3574 1
3570 3571 1
3571 3572 1
3572 3573 1
3573 9 1
3574 3571 1
3575 3576 1
3576 3577 1
3576 3581 1
3577 3578 1
3578 3579 1
3579 3580 1
3580 9 1
3581 3578 1
3582 3583 1
3583 3584 1
3583 3588 1
3584 3585 1
3585 3586 1
3586 3587 1
3587 9 1
3588 3585 1
3589 3590 1
3590 3591 1
3590 3595 1
3591 3592 1
3592 3593 1
3593 3594 1
3594 9 1
3595 3592 1
3596 3597 1
3597 3598 1
3597 3602 1
3598 3599 1
3599 3600 1
3600 3601 1
3601 9 1
3602 3599 1
3603 3604 1
3604 3605 1
3604 3609 1
3605 3606 1
3606 3607 1
3607 3608 1
3608 9 1
3609 3606 1
3610 3611 1
3611 3612 1
3611 3616 1
3612 3613 1
3613 3614 1
3614 3615 1
3615 9 1
3616 3613 1
3617 3618 1
3618 3619 1
3618 3623 1
3619 3620 1
3620 3621 1
3621 3622 1
3622 9 1
3623 3620 1
3624 3625 1
3625 3626 1
3625 3630 1
3626 3627 1
3627 3628 1
3628 3629 1
3629 9 1
3630 3627 1
3631 3632 1
3632 3633 1
3632 3637 1
3633 3634 1
3634 3635 1
3635 3636 1
3636 9 1
3637 3634 1
3638 3639 1
3639 3640 1
3639 3644 1
3640 3641 1
3641 3642 1
3642 3643 1
3643 9 1
3644 3641 1
3645 3646 1
3646 3647 1
3646 3651 1
3647 3648 1
3648 3649 1
3649 3650 1
3650 9 1
3651 3648 1
3652 3653 1
3653 3654 1
3653 3658 1
3654 3655 1
3655 3656 1
3656 3657 1
3657 9 1
3658 3655 1
3659 3660 1
3660 3661 1
3660 3665 1
3661 3662 1
3662 3663 1
3663 3664 1
3664 9 1
3665 3662 1
3666 3667 1
3667 3668 1
3667 3672 1
3668 3669 1
3669 3670 1
3670 3671 1
3671 9 1
3672 3669 1
3673 3674 1
3674 3675 1
3674 3679 1
3675 3676 1
3676 3677 1
3677 3678 1
3678 9 1
3679 3676 1
3680 3681 1
3681 3682 1
3681 3686 1
3682 3683 1
3683 3684 1
3684 3685 1
3685 9 1
3686 3683 1
3687 3688 1
3688 3689 1
3688 3693 1
3689 3690 1
3690 3691 1
3691 3692 1
3692 9 1
3693 3690 1
3694 3695 1
3695 3696 1
3695 3700 1
3696 3697 1
3697 3698 1
3698 3699 1
3699 9 1
3700 3697 1
3701 3702 1
3702 3703 1
3702 3707 1
3703 3704 1
3704 3705 1
3705 3706 1
3706 9 1
3707 3704 1
3708 3709 1
3709 3710 1
3709 3714 1
3710 3711 1
3711 3712 1
3712 3713 1
3713 9 1
3714 3711 1
3715 3716 1
3716 3717 1
3716 3721 1
3717 3718 1
3718 3719 1
3719 3720 1
3720 9 1
3721 3718 1
3722 3723 1
3723 3724 1
3723 3728 1
3724 3725 1
3725 3726 1
3726 3727 1
3727 9 1
3728 3725 1
3729 3730 1
3730 3731 1
3730 3735 1
3731 3732 1
3732 3733 1
3733 3734 1
3734 9 1
3735 3732 1
3736 3737 1
3737 3738 1
3737 3742 1
3738 3739 1
3739 3740 1
3740 3741 1
3741 9 1
3742 3739 1
3743 3744 1
3744 3745 1
3744 3749 1
3745 3746 1
3746 3747 1
3747 3748 1
3748 9 1
3749 3746 1
3750 3751 1
3751 3752 1
3751 3756 1
3752 3753 1
3753 3754 1
3754 3755 1
3755 9 1
3756 3753 1
3757 3758 1
3758 3759 1
3758 3763 1
3759 3760 1
3760 3761 1
3761 3762 1
3762 9 1
3763 3760 1
3764 3765 1
3765 3766 1
3765 3770 1
3766 3767 1
3767 3768 1
3768 3769 1
3769 9 1
3770 3767 1
3771 3772 1
3772 3773 1
3772 3777 1
3773 3774 1
3774 3775 1
3775 3776 1
3776 9 1
3777 3774 1
3778 3779 1
3779 3780 1
3779 3784 1
3780 3781 1
3781 3782 1
3782 3783 1
3783 9 1
3784 3781 1
3785 3786 1
3786 3787 1
3786 3791 1
3787 3788 1
3788 3789 1
3789 3790 1
3790 9 1
3791 3788 1
3792 3793 1
3793 3794 1
3793 3798 1
3794 3795 1
3795 3796 1
3796 3797 1
3797 9 1
3798 3795 1
3799 3800 1
3800 3801 1
3800 3805 1
3801 3802 1
3802 3803 1
3803 3804 1
3804 9 1
3805 3802 1
3806 3807 1
3807 3808 1
3807 3812 1
3808 3809 1
3809 3810 1
3810 3811 1
3811 9 1
3812 3809 1
3813 3814 1
3814 3815 1
3814 3819 1
3815 3816 1
3816 3817 1
3817 3818 1
3818 9 1
3819 3816 1
3820 3821 1
3821 3822 1
3821 3826 1
3822 3823 1
3823 3824 1
3824 3825 1
3825 9 1
3826 3823 1
3827 3828 1
3828 3829 1
3828 3833 1
3829 3830 1
3830 3831 1
3831 3832 1
3832 9 1
3833 3830 1
3834 3835 1
3835 3836 1
3835 3840 1
3836 3837 1
3837 3838 1
3838 3839 1
3839 9 1
3840 3837 1
3841 3842 1
3842 3843 1
3842 3847 1
3843 3844 1
3844 3845 1
3845 3846 1
3846 9 1
3847 3844 1
3848 3849 1
3849 3850 1
3849 3854 1
3850 3851 1
3851 3852 1
3852 3853 1
3853 9 1
3854 3851 1
3855 3856 1
3856 3857 1
3856 3861 1
3857 3858 1
3858 3859 1
3859 3860 1
3860 9 1
3861 3858 1
3862 3863 1
3863 3864 1
3863 3868 1
3864 3865 1
3865 3866 1
3866 3867 1
3867 9 1
3868 3865 1
3869 3870 1
3870 3871 1
3870 3875 1
3871 3872 1
3872 3873 1
3873 3874 1
3874 9 1
3875 3872 1
3876 3877 1
3877 3878 1
3877 3882 1
3878 3879 1
3879 3880 1
3880 3881 1
3881 9 1
3882 3879 1
3883 3884 1
3884 3885 1
3884 3889 1
3885 3886 1
3886 3887 1
3887 3888 1
3888 9 1
3889 3886 1
3890 3891 1
3891 3892 1
3891 3896 1
3892 3893 1
3893 3894 1
3894 3895 1
3895 9 1
3896 3893 1
3897 3898 1
3898 3899 1
3898 3903 1
3899 3900 1
3900 3901 1
3901 3902 1
3902 9 1
3903 3900 1
3904 3905 1
3905 3906 1
3905 3910 1
3906 3907 1
3907 3908 1
3908 3909 1
3909 9 1
3910 3907 1
3911 3912 1
3912 3913 1
3912 3917 1
3913 3914 1
3914 3915 1
3915 3916 1
3916 9 1
3917 3914 1
3918 3919 1
3919 3920 1
3919 3924 1
3920 3921 1
3921 3922 1
3922 3923 1
3923 9 1
3924 3921 1
3925 3926 1
3926 3927 1
3926 3931 1
3927 3928 1
3928 3929 1
3929 3930 1
3930 9 1
3931 3928 1
3932 3933 1
3933 3934 1
3933 3938 1
3934 3935 1
3935 3936 1
3936 3937 1
3937 9 1
3938 3935 1
3939 3940 1
3940 3941 1
3940 3945 1
3941 3942 1
3942 3943 1
3943 3944 1
3944 9 1
3945 3942 1
3946 3947 1
3947 3948 1
3947 3952 1
3948 3949 1
3949 3950 1
3950 3951 1
3951 9 1
3952 3949 1
3953 3954 1
3954 3955 1
3954 3959 1
3955 3956 1
3956 3957 1
3957 3958 1
3958 9 1
3959 3956 1
3960 3961 1
3961 3962 1
3961 3966 1
3962 3963 1
3963 3964 1
3964 3965 1
3965 9 1
3966 3963 1
3967 3968 1
3968 3969 1
3968 3973 1
3969 3970 1
3970 3971 1
3971 3972 1
3972 9 1
3973 3970 1
3974 3975 1
3975 3976 1
3975 3980 1
3976 3977 1
3977 3978 1
3978 3979 1
3979 9 1
3980 3977 1
3981 3982 1
3982 3983 1
3982 3987 1
3983 3984 1
3984 3985 1
3985 3986 1
3986 9 1
3987 3984 1
3988 3989 1
3989 3990 1
3989 3994 1
3990 3991 1
3991 3992 1
3992 3993 1
3993 9 1
3994 3991 1
3995 3996 1
3996 3997 1
3996 4001 1
3997 3998 1
3998 3999 1
3999 4000 1
4000 9 1
4001 3998 1
4002 4003 1
4003 4004 1
4003 4008 1
4004 4005 1
4005 4006 1
4006 4007 1
4007 9 1
4008 4005 1
4009 4010 1
4010 4011 1
4010 4015 1
4011 4012 1
4012 4013 1
4013 4014 1
4014 9 1
4015 4012 1
4016 4017 1
4017 4018 1
4017 4022 1
4018 4019 1
4019 4020 1
4020 4021 1
4021 9 1
4022 4019 1
4023 4024 1
4024 4025 1
4024 4029 1
4025 4026 1
4026 4027 1
4027 4028 1
4028 9 1
4029 4026 1
4030 4031 1
4031 4032 1
4031 4036 1
4032 4033 1
4033 4034 1
4034 4035 1
4035 9 1
4036 4033 1
4037 4038 1
4038 4039 1
4038 4043 1
4039 4040 1
4040 4041 1
4041 4042 1
4042 9 1
4043 4040 1
4044 4045 1
4045 4046 1
4045 4050 1
4046 4047 1
4047 4048 1
4048 4049 1
4049 9 1
4050 4047 1
4051 4052 1
4052 4053 1
4052 4057 1
4053 4054 1
4054 4055 1
4055 4056 1
4056 9 1
4057 4054 1
4058 4059 1
4059 4060 1
4059 4064 1
4060 4061 1
4061 4062 1
4062 4063 1
4063 9 1
4064 4061 1
4065 4066 1
4066 4067 1
4066 4071 1
4067 4068 1
4068 4069 1
4069 4070 1
4070 9 1
4071 4068 1
4072 4073 1
4073 4074 1
4073 4078 1
4074 4075 1
4075 4076 1
4076 4077 1
4077 9 1
4078 4075 1
4079 4080 1
4080 4081 1
4080 4085 1
4081 4082 1
4082 4083 1
4083 4084 1
4084 9 1
4085 4082 1
4086 4087 1
4087 4088 1
4087 4092 1
4088 4089 1
4089 4090 1
4090 4091 1
4091 9 1
4092 4089 1
4093 4094 1
4094 4095 1
4094 4099 1
4095 4096 1
4096 4097 1
4097 4098 1
4098 9 1
4099 4096 1
4100 4101 1
4101 4102 1
4101 4106 1
4102 4103 1
4103 4104 1
4104 4105 1
4105 9 1
4106 4103 1
4107 4108 1
4108 4109 1
4108 4113 1
4109 4110 1
4110 4111 1
4111 4112 1
4112 9 1
4113 4110 1
4114 4115 1
4115 4116 1
4115 4120 1
4116 4117 1
4117 4118 1
4118 4119 1
4119 9 1
4120 4117 1
4121 4122 1
4122 4123 1
4122 4127 1
4123 4124 1
4124 4125 1
4125 4126 1
4126 9 1
4127 4124 1
4128 4129 1
4129 4130 1
4129 4134 1
4130 4131 1
4131 4132 1
4132 4133 1
4133 9 1
4134 4131 1
4135 4136 1
4136 4137 1
4136 4141 1
4137 4138 1
4138 4139 1
4139 4140 1
4140 9 1
4141 4138 1
4142 4143 1
4143 4144 1
4143 4148 1
4144 4145 1
4145 4146 1
4146 4147 1
4147 9 1
4148 4145 1
4149 4150 1
4150 4151 1
4150 4155 1
4151 4152 1
4152 4153 1
4153 4154 1
4154 9 1
4155 4152 1
4156 4157 1
4157 4158 1
4157 4162 1
4158 4159 1
4159 4160 1
4160 4161 1
4161 9 1
4162 4159 1
4163 4164 1
4164 4165 1
4164 4169 1
4165 4166 1
4166 4167 1
4167 4168 1
4168 9 1
4169 4166 1
4170 4171 1
4171 4172 1
4171 4176 1
4172 4173 1
4173 4174 1
4174 4175 1
4175 9 1
4176 4173 1
4177 4178 1
4178 4179 1
4178 4183 1
4179 4180 1
4180 4181 1
4181 4182 1
4182 9 1
4183 4180 1
4184 4185 1
4185 4186 1
4185 4190 1
4186 4187 1
4187 4188 1
4188 4189 1
4189 9 1
4190 4187 1
4191 4192 1
4192 4193 1
4192 4197 1
4193 4194 1
4194 4195 1
4195 4196 1
4196 9 1
4197 4194 1
4198 4199 1
4199 4200 1
4199 4204 1
4200 4201 1
4201 4202 1
4202 4203 1
4203 9 1
4204 4201 1
4205 4206 1
4206 4207 1
4206 4211 1
4207 4208 1
4208 4209 1
4209 4210 1
4210 9 1
4211 4208 1
4212 4213 1
4213 4214 1
4213 4218 1
4214 4215 1
4215 4216 1
4216 4217 1
4217 9 1
4218 4215 1
4219 4220 1
4220 4221 1
4220 4225 1
4221 4222 1
4222 4223 1
4223 4224 1
4224 9 1
4225 4222 1
4226 4227 1
4227 4228 1
4227 4232 1
4228 4229 1
4229 4230 1
4230 4231 1
4231 9 1
4232 4229 1
4233 4234 1
4234 4235 1
4234 4239 1
4235 4236 1
4236 4237 1
4237 4238 1
4238 9 1
4239 4236 1
4240 4241 1
4241 4242 1
4241 4246 1
4242 4243 1
4243 4244 1
4244 4245 1
4245 9 1
4246 4243 1
4247 4248 1
4248 4249 1
4248 4253 1
4249 4250 1
4250 4251 1
4251 4252 1
4252 9 1
4253 4250 1
4254 4255 1
4255 4256 1
4255 4260 1
4256 4257 1
4257 4258 1
4258 4259 1
4259 9 1
4260 4257 1
4261 4262 1
4262 4263 1
4262 4267 1
4263 4264 1
4264 4265 1
4265 4266 1
4266 9 1
4267 4264 1
4268 4269 1
4269 4270 1
4269 4274 1
4270 4271 1
4271 4272 1
4272 4273 1
4273 9 1
4274 4271 1
4275 4276 1
4276 4277 1
4276 4281 1
4277 4278 1
4278 4279 1
4279 4280 1
4280 9 1
4281 4278 1
4282 4283 1
4283 4284 1
4283 4288 1
4284 4285 1
4285 4286 1
4286 4287 1
4287 9 1
4288 4285 1
4289 4290 1
4290 4291 1
4290 4295 1
4291 4292 1
4292 4293 1
4293 4294 1
4294 9 1
4295 4292 1
4296 4297 1
4297 4298 1
4297 4302 1
4298 4299 1
4299 4300 1
4300 4301 1
4301 9 1
4302 4299 1
4303 4304 1
4304 4305 1
4304 4309 1
4305 4306 1
4306 4307 1
4307 4308 1
4308 9 1
4309 4306 1
4310 4311 1
4311 4312 1
4311 4316 1
4312 4313 1
4313 4314 1
4314 4315 1
4315 9 1
4316 4313 1
4317 4318 1
4318 4319 1
4318 4323 1
4319 4320 1
4320 4321 1
4321 4322 1
4322 9 1
4323 4320 1
4324 4325 1
4325 4326 1
4325 4330 1
4326 4327 1
4327 4328 1
4328 4329 1
4329 9 1
4330 4327 1
4331 4332 1
4332 4333 1
4332 4337 1
4333 4334 1
4334 4335 1
4335 4336 1
4336 9 1
4337 4334 1
4338 4339 1
4339 4340 1
4339 4344 1
4340 4341 1
4341 4342 1
4342 4343 1
4343 9 1
4344 4341 1
4345 4346 1
4346 4347 1
4346 4351 1
4347 4348 1
4348 4349 1
4349 4350 1
4350 9 1
4351 4348 1
4352 4353 1
4353 4354 1
4353 4358 1
4354 4355 1
4355 4356 1
4356 4357 1
4357 9 1
4358 4355 1
4359 4360 1
4360 4361 1
4360 4365 1
4361 4362 1
4362 4363 1
4363 4364 1
4364 9 1
4365 4362 1
4366 4367 1
4367 4368 1
4367 4372 1
4368 4369 1
4369 4370 1
4370 4371 1
4371 9 1
4372 4369 1
4373 4374 1
4374 4375 1
4374 4379 1
4375 4376 1
4376 4377 1
4377 4378 1
4378 9 1
4379 4376 1
4380 4381 1
4381 4382 1
4381 4386 1
4382 4383 1
4383 4384 1
4384 4385 1
4385 9 1
4386 4383 1
4387 4388 1
4388 4389 1
4388 4393 1
4389 4390 1
4390 4391 1
4391 4392 1
4392 9 1
4393 4390 1
4394 4395 1
4395 4396 1
4395 4400 1
4396 4397 1
4397 4398 1
4398 4399 1
4399 9 1
4400 4397 1
4401 4402 1
4402 4403 1
4402 4407 1
4403 4404 1
4404 4405 1
4405 4406 1
4406 9 1
4407 4404 1
4408 4409 1
4409 4410 1
4409 4414 1
4410 4411 1
4411 4412 1
4412 4413 1
4413 9 1
4414 4411 1
4415 4416 1
4416 4417 1
4416 4421 1
4417 4418 1
4418 4419 1
4419 4420 1
4420 9 1
4421 4418 1
4422 4423 1
4423 4424 1
4423 4428 1
4424 4425 1
4425 4426 1
4426 4427 1
4427 9 1
4428 4425 1
4429 4430 1
4430 4431 1
4430 4435 1
4431 4432 1
4432 4433 1
4433 4434 1
4434 9 1
4435 4432 1
4436 4437 1
4437 4438 1
4437 4442 1
4438 4439 1
4439 4440 1
4440 4441 1
4441 9 1
4442 4439 1
4443 4444 1
4444 4445 1
4444 4449 1
4445 4446 1
4446 4447 1
4447 4448 1
4448 9 1
4449 4446 1
4450 4451 1
4451 4452 1
4451 4456 1
4452 4453 1
4453 4454 1
4454 4455 1
4455 9 1
4456 4453 1
4457 4458 1
4458 4459 1
4458 4463 1
4459 4460 1
4460 4461 1
4461 4462 1
4462 9 1
4463 4460 1
4464 4465 1
4465 4466 1
4465 4470 1
4466 4467 1
4467 4468 1
4468 4469 1
4469 9 1
4470 4467 1
4471 4472 1
4472 4473 1
4472 4477 1
4473 4474 1
4474 4475 1
4475 4476 1
4476 9 1
4477 4474 1
4478 4479 1
4479 4480 1
4479 4484 1
4480 4481 1
4481 4482 1
4482 4483 1
4483 9 1
4484 4481 1
4485 4486 1
4486 4487 1
4486 4491 1
4487 4488 1
4488 4489 1
4489 4490 1
4490 9 1
4491 4488 1
4492 4493 1
4493 4494 1
4493 4498 1
4494 4495 1
4495 4496 1
4496 4497 1
4497 9 1
4498 4495 1
4499 4500 1
4500 4501 1
4500 4505 1
4501 4502 1
4502 4503 1
4503 4504 1
4504 9 1
4505 4502 1
4506 4507 1
4507 4508 1
4507 4512 1
4508 4509 1
4509 4510 1
4510 4511 1
4511 9 1
4512 4509 1
4513 4514 1
4514 4515 1
4514 4519 1
4515 4516 1
4516 4517 1
4517 4518 1
4518 9 1
4519 4516 1
4520 4521 1
4521 4522 1
4521 4526 1
4522 4523 1
4523 4524 1
4524 4525 1
4525 9 1
4526 4523 1
4527 4528 1
4528 4529 1
4528 4533 1
4529 4530 1
4530 4531 1
4531 4532 1
4532 9 1
4533 4530 1
4534 4535 1
4535 4536 1
4535 4540 1
4536 4537 1
4537 4538 1
4538 4539 1
4539 9 1
4540 4537 1
4541 4542 1
4542 4543 1
4542 4547 1
4543 4544 1
4544 4545 1
4545 4546 1
4546 9 1
4547 4544 1
4548 4549 1
4549 4550 1
4549 4554 1
4550 4551 1
4551 4552 1
4552 4553 1
4553 9 1
4554 4551 1
4555 4556 1
4556 4557 1
4556 4561 1
4557 4558 1
4558 4559 1
4559 4560 1
4560 9 1
4561 4558 1
4562 4563 1
4563 4564 1
4563 4568 1
4564 4565 1
4565 4566 1
4566 4567 1
4567 9 1
4568 4565 1
4569 4570 1
4570 4571 1
4570 4575 1
4571 4572 1
4572 4573 1
4573 4574 1
4574 9 1
4575 4572 1
4576 4577 1
4577 4578 1
4577 4582 1
4578 4579 1
4579 4580 1
4580 4581 1
4581 9 1
4582 4579 1
4583 4584 1
4584 4585 1
4584 4589 1
4585 4586 1
4586 4587 1
4587 4588 1
4588 9 1
4589 4586 1
4590 4591 1
4591 4592 1
4591 4596 1
4592 4593 1
4593 4594 1
4594 4595 1
4595 9 1
4596 4593 1
4597 4598 1
4598 4599 1
4598 4603 1
4599 4600 1
4600 4601 1
4601 4602 1
4602 9 1
4603 4600 1
4604 4605 1
4605 4606 1
4605 4610 1
4606 4607 1
4607 4608 1
4608 4609 1
4609 9 1
4610 4607 1
4611 4612 1
4612 4613 1
4612 4617 1
4613 4614 1
4614 4615 1
4615 4616 1
4616 9 1
4617 4614 1
4618 4619 1
4619 4620 1
4619 4624 1
4620 4621 1
4621 4622 1
4622 4623 1
4623 9 1
4624 4621 1
4625 4626 1
4626 4627 1
4626 4631 1
4627 4628 1
4628 4629 1
4629 4630 1
4630 9 1
4631 4628 1
4632 4633 1
4633 4634 1
4633 4638 1
4634 4635 1
4635 4636 1
4636 4637 1
4637 9 1
4638 4635 1
4639 4640 1
4640 4641 1
4640 4645 1
4641 4642 1
4642 4643 1
4643 4644 1
4644 9 1
4645 4642 1
4646 4647 1
4647 4648 1
4647 4652 1
4648 4649 1
4649 4650 1
4650 4651 1
4651 9 1
4652 4649 1
4653 4654 1
4654 4655 1
4654 4659 1
4655 4656 1
4656 4657 1
4657 4658 1
4658 9 1
4659 4656 1
4660 4661 1
4661 4662 1
4661 4666 1
4662 4663 1
4663 4664 1
4664 4665 1
4665 9 1
4666 4663 1
4667 4668 1
4668 4669 1
4668 4673 1
4669 4670 1
4670 4671 1
4671 4672 1
4672 9 1
4673 4670 1
4674 4675 1
4675 4676 1
4675 4680 1
4676 4677 1
4677 4678 1
4678 4679 1
4679 9 1
4680 4677 1
4681 4682 1
4682 4683 1
4682 4687 1
4683 4684 1
4684 4685 1
4685 4686 1
4686 9 1
4687 4684 1
4688 4689 1
4689 4690 1
4689 4694 1
4690 4691 1
4691 4692 1
4692 4693 1
4693 9 1
4694 4691 1
4695 4696 1
4696 4697 1
4696 4701 1
4697 4698 1
4698 4699 1
4699 4700 1
4700 9 1
4701 4698 1
4702 4703 1
4703 4704 1
4703 4708 1
4704 4705 1
4705 4706 1
4706 4707 1
4707 9 1
4708 4705 1
4709 4710 1
4710 4711 1
4710 4715 1
4711 4712 1
4712 4713 1
4713 4714 1
4714 9 1
4715 4712 1
4716 4717 1
4717 4718 1
4717 4722 1
4718 4719 1
4719 4720 1
4720 4721 1
4721 9 1
4722 4719 1
4723 4724 1
4724 4725 1
4724 4729 1
4725 4726 1
4726 4727 1
4727 4728 1
4728 9 1
4729 4726 1
4730 4731 1
4731 4732 1
4731 4736 1
4732 4733 1
4733 4734 1
4734 4735 1
4735 9 1
4736 4733 1
4737 4738 1
4738 4739 1
4738 4743 1
4739 4740 1
4740 4741 1
4741 4742 1
4742 9 1
4743 4740 1
4744 4745 1
4745 4746 1
4745 4750 1
4746 4747 1
4747 4748 1
4748 4749 1
4749 9 1
4750 4747 1
4751 4752 1
4752 4753 1
4752 4757 1
4753 4754 1
4754 4755 1
4755 4756 1
4756 9 1
4757 4754 1
4758 4759 1
4759 4760 1
4759 4764 1
4760 4761 1
4761 4762 1
4762 4763 1
4763 9 1
4764 4761 1
4765 4766 1
4766 4767 1
4766 4771 1
4767 4768 1
4768 4769 1
4769 4770 1
4770 9 1
4771 4768 1
4772 4773 1
4773 4774 1
4773 4778 1
4774 4775 1
4775 4776 1
4776 4777 1
4777 9 1
4778 4775 1
4779 4780 1
4780 4781 1
4780 4785 1
4781 4782 1
4782 4783 1
4783 4784 1
4784 9 1
4785 4782 1
4786 4787 1
4787 4788 1
4787 4792 1
4788 4789 1
4789 4790 1
4790 4791 1
4791 9 1
4792 4789 1
4793 4794 1
4794 4795 1
4794 4799 1
4795 4796 1
4796 4797 1
4797 4798 1
4798 9 1
4799 4796 1
4800 4801 1
4801 4802 1
4801 4806 1
4802 4803 1
4803 4804 1
4804 4805 1
4805 9 1
4806 4803 1
4807 4808 1
4808 4809 1
4808 4813 1
4809 4810 1
4810 4811 1
4811 4812 1
4812 9 1
4813 4810 1
4814 4815 1
4815 4816 1
4815 4820 1
4816 4817 1
4817 4818 1
4818 4819 1
4819 9 1
4820 4817 1
4821 4822 1
4822 4823 1
4822 4827 1
4823 4824 1
4824 4825 1
4825 4826 1
4826 9 1
4827 4824 1
4828 4829 1
4829 4830 1
4829 4834 1
4830 4831 1
4831 4832 1
4832 4833 1
4833 9 1
4834 4831 1
4835 4836 1
4836 4837 1
4836 4841 1
4837 4838 1
4838 4839 1
4839 4840 1
4840 9 1
4841 4838 1
4842 4843 1
4843 4844 1
4843 4848 1
4844 4845 1
4845 4846 1
4846 4847 1
4847 9 1
4848 4845 1
4849 4850 1
4850 4851 1
4850 4855 1
4851 4852 1
4852 4853 1
4853 4854 1
4854 9 1
4855 4852 1
4856 4857 1
4857 4858 1
4857 4862 1
4858 4859 1
4859 4860 1
4860 4861 1
4861 9 1
4862 4859 1
4863 4864 1
4864 4865 1
4864 4869 1
4865 4866 1
4866 4867 1
4867 4868 1
4868 9 1
4869 4866 1
4870 4871 1
4871 4872 1
4871 4876 1
4872 4873 1
4873 4874 1
4874 4875 1
4875 9 1
4876 4873 1
4877 4878 1
4878 4879 1
4878 4883 1
4879 4880 1
4880 4881 1
4881 4882 1
4882 9 1
4883 4880 1
4884 4885 1
4885 4886 1
4885 4890 1
4886 4887 1
4887 4888 1
4888 4889 1
4889 9 1
4890 4887 1
4891 4892 1
4892 4893 1
4892 4897 1
4893 4894 1
4894 4895 1
4895 4896 1
4896 9 1
4897 4894 1
4898 4899 1
4899 4900 1
4899 4904 1
4900 4901 1
4901 4902 1
4902 4903 1
4903 9 1
4904 4901 1
4905 4906 1
4906 4907 1
4906 4911 1
4907 4908 1
4908 4909 1
4909 4910 1
4910 9 1
4911 4908 1
4912 4913 1
4913 4914 1
4913 4918 1
4914 4915 1
4915 4916 1
4916 4917 1
4917 9 1
4918 4915 1
4919 4920 1
4920 4921 1
4920 4925 1
4921 4922 1
4922 4923 1
4923 4924 1
4924 9 1
4925 4922 1
4926 4927 1
4927 4928 1
4927 4932 1
4928 4929 1
4929 4930 1
4930 4931 1
4931 9 1
4932 4929 1
4933 4934 1
4934 4935 1
4934 4939 1
4935 4936 1
4936 4937 1
4937 4938 1
4938 9 1
4939 4936 1
4940 4941 1
4941 4942 1
4941 4946 1
4942 4943 1
4943 4944 1
4944 4945 1
4945 9 1
4946 4943 1
4947 4948 1
4948 4949 1
4948 4953 1
4949 4950 1
4950 4951 1
4951 4952 1
4952 9 1
4953 4950 1
